0	7.00E-03
0.001	7.50E-04
0.002	7.50E-04
0.003	-2.38E-03
0.004	-5.50E-03
0.005	7.00E-03
0.006	-1.18E-02
0.007	-1.18E-02
0.008	3.88E-03
0.009	-5.50E-03
0.01	-2.38E-03
0.011	-8.63E-03
0.012	-2.38E-03
0.013	-1.49E-02
0.014	-1.18E-02
0.015	-2.38E-03
0.016	-1.49E-02
0.017	-2.38E-03
0.018	-5.50E-03
0.019	-1.49E-02
0.02	-2.38E-03
0.021	-8.63E-03
0.022	-5.50E-03
0.023	-5.50E-03
0.024	-5.50E-03
0.025	-5.50E-03
0.026	-5.50E-03
0.027	-5.50E-03
0.028	-2.38E-03
0.029	3.88E-03
0.03	3.88E-03
0.031	-2.38E-03
0.032	3.88E-03
0.033	7.00E-03
0.034	7.00E-03
0.035	-2.38E-03
0.036	7.00E-03
0.037	3.88E-03
0.038	-5.50E-03
0.039	3.88E-03
0.04	7.00E-03
0.041	7.50E-04
0.042	-2.38E-03
0.043	-5.50E-03
0.044	-8.63E-03
0.045	-1.18E-02
0.046	-1.18E-02
0.047	-8.63E-03
0.048	-5.50E-03
0.049	-1.49E-02
0.05	-8.63E-03
0.051	-1.49E-02
0.052	-1.18E-02
0.053	-5.50E-03
0.054	-8.63E-03
0.055	-2.38E-03
0.056	-5.50E-03
0.057	-2.38E-03
0.058	7.00E-03
0.059	-5.50E-03
0.06	7.50E-04
0.061	3.88E-03
0.062	7.50E-04
0.063	7.50E-04
0.064	-2.38E-03
0.065	3.88E-03
0.066	7.00E-03
0.067	-5.50E-03
0.068	3.88E-03
0.069	3.88E-03
0.07	3.88E-03
0.071	7.00E-03
0.072	7.00E-03
0.073	7.50E-04
0.074	-5.50E-03
0.075	-5.50E-03
0.076	3.88E-03
0.077	7.50E-04
0.078	7.50E-04
0.079	3.88E-03
0.08	7.00E-03
0.081	3.88E-03
0.082	7.50E-04
0.083	7.50E-04
0.084	7.50E-04
0.085	-5.50E-03
0.086	3.88E-03
0.087	1.33E-02
0.088	-2.38E-03
0.089	3.88E-03
0.09	7.50E-04
0.091	-8.63E-03
0.092	-1.18E-02
0.093	-5.50E-03
0.094	-1.80E-02
0.095	-2.43E-02
0.096	-2.43E-02
0.097	-1.49E-02
0.098	-2.11E-02
0.099	-2.43E-02
0.1	-1.49E-02
0.101	-1.80E-02
0.102	-1.49E-02
0.103	-1.49E-02
0.104	-2.38E-03
0.105	7.50E-04
0.106	-1.18E-02
0.107	-5.50E-03
0.108	1.33E-02
0.109	7.00E-03
0.11	1.64E-02
0.111	1.33E-02
0.112	1.33E-02
0.113	1.01E-02
0.114	7.00E-03
0.115	7.00E-03
0.116	1.01E-02
0.117	3.88E-03
0.118	1.01E-02
0.119	1.01E-02
0.12	7.00E-03
0.121	7.00E-03
0.122	7.50E-04
0.123	3.88E-03
0.124	-8.63E-03
0.125	7.50E-04
0.126	7.50E-04
0.127	-8.63E-03
0.128	-2.38E-03
0.129	-2.38E-03
0.13	-8.63E-03
0.131	-1.18E-02
0.132	-8.63E-03
0.133	-8.63E-03
0.134	-1.18E-02
0.135	-5.50E-03
0.136	-8.63E-03
0.137	-5.50E-03
0.138	-8.63E-03
0.139	-1.80E-02
0.14	3.88E-03
0.141	-2.38E-03
0.142	7.50E-04
0.143	7.00E-03
0.144	-5.50E-03
0.145	-8.63E-03
0.146	-5.50E-03
0.147	-5.50E-03
0.148	7.50E-04
0.149	7.50E-04
0.15	3.88E-03
0.151	-2.38E-03
0.152	7.50E-04
0.153	-2.38E-03
0.154	-2.38E-03
0.155	7.50E-04
0.156	-1.49E-02
0.157	-2.38E-03
0.158	-5.50E-03
0.159	-1.18E-02
0.16	-5.50E-03
0.161	-2.38E-03
0.162	-2.38E-03
0.163	-2.38E-03
0.164	7.50E-04
0.165	7.00E-03
0.166	-2.38E-03
0.167	1.33E-02
0.168	1.01E-02
0.169	3.88E-03
0.17	7.00E-03
0.171	-2.38E-03
0.172	3.88E-03
0.173	7.50E-04
0.174	3.88E-03
0.175	7.50E-04
0.176	-2.38E-03
0.177	-5.50E-03
0.178	-5.50E-03
0.179	-2.38E-03
0.18	-2.38E-03
0.181	7.50E-04
0.182	7.00E-03
0.183	7.50E-04
0.184	7.50E-04
0.185	-1.18E-02
0.186	-5.50E-03
0.187	-2.38E-03
0.188	-5.50E-03
0.189	-5.50E-03
0.19	7.00E-03
0.191	-5.50E-03
0.192	-5.50E-03
0.193	7.50E-04
0.194	7.50E-04
0.195	7.50E-04
0.196	-2.38E-03
0.197	3.88E-03
0.198	-1.18E-02
0.199	3.88E-03
0.2	1.01E-02
0.201	7.50E-04
0.202	3.88E-03
0.203	-5.50E-03
0.204	-5.50E-03
0.205	3.88E-03
0.206	-1.18E-02
0.207	-1.18E-02
0.208	7.50E-04
0.209	-2.38E-03
0.21	7.50E-04
0.211	-8.63E-03
0.212	-5.50E-03
0.213	-1.18E-02
0.214	-1.18E-02
0.215	-5.50E-03
0.216	-5.50E-03
0.217	3.88E-03
0.218	-1.80E-02
0.219	-8.63E-03
0.22	-1.49E-02
0.221	-2.43E-02
0.222	3.88E-03
0.223	-1.18E-02
0.224	-1.49E-02
0.225	-2.38E-03
0.226	-8.63E-03
0.227	-1.18E-02
0.228	-2.38E-03
0.229	-5.50E-03
0.23	-1.18E-02
0.231	7.50E-04
0.232	7.00E-03
0.233	-2.38E-03
0.234	-2.38E-03
0.235	3.88E-03
0.236	7.00E-03
0.237	7.00E-03
0.238	7.50E-04
0.239	1.01E-02
0.24	-8.63E-03
0.241	-5.50E-03
0.242	-2.38E-03
0.243	-2.38E-03
0.244	7.50E-04
0.245	7.50E-04
0.246	3.88E-03
0.247	3.88E-03
0.248	3.88E-03
0.249	3.88E-03
0.25	7.50E-04
0.251	1.01E-02
0.252	7.00E-03
0.253	7.00E-03
0.254	1.33E-02
0.255	7.00E-03
0.256	1.01E-02
0.257	3.88E-03
0.258	7.50E-04
0.259	7.50E-04
0.26	1.01E-02
0.261	7.00E-03
0.262	-2.38E-03
0.263	-1.49E-02
0.264	7.50E-04
0.265	-5.50E-03
0.266	-1.80E-02
0.267	-5.50E-03
0.268	-1.49E-02
0.269	-1.80E-02
0.27	-5.50E-03
0.271	-5.50E-03
0.272	7.00E-03
0.273	-2.38E-03
0.274	-2.38E-03
0.275	-5.50E-03
0.276	-5.50E-03
0.277	-8.63E-03
0.278	-1.80E-02
0.279	-2.38E-03
0.28	7.50E-04
0.281	-2.11E-02
0.282	-1.18E-02
0.283	-2.38E-03
0.284	-1.18E-02
0.285	-5.50E-03
0.286	-5.50E-03
0.287	3.88E-03
0.288	1.01E-02
0.289	3.88E-03
0.29	3.88E-03
0.291	-5.50E-03
0.292	-2.38E-03
0.293	-2.38E-03
0.294	7.50E-04
0.295	7.50E-04
0.296	-8.63E-03
0.297	-5.50E-03
0.298	7.50E-04
0.299	-2.38E-03
0.3	-5.50E-03
0.301	-5.50E-03
0.302	-1.18E-02
0.303	-1.18E-02
0.304	-8.63E-03
0.305	-1.49E-02
0.306	-2.11E-02
0.307	7.50E-04
0.308	-1.80E-02
0.309	7.50E-04
0.31	7.50E-04
0.311	-8.63E-03
0.312	7.00E-03
0.313	-2.38E-03
0.314	1.01E-02
0.315	1.01E-02
0.316	3.88E-03
0.317	1.95E-02
0.318	1.64E-02
0.319	1.01E-02
0.32	1.01E-02
0.321	7.50E-04
0.322	7.00E-03
0.323	7.00E-03
0.324	7.00E-03
0.325	1.33E-02
0.326	7.00E-03
0.327	7.50E-04
0.328	-2.38E-03
0.329	7.50E-04
0.33	-2.38E-03
0.331	-8.63E-03
0.332	-2.38E-03
0.333	7.50E-04
0.334	-5.50E-03
0.335	-8.63E-03
0.336	-8.63E-03
0.337	-2.38E-03
0.338	-2.38E-03
0.339	7.50E-04
0.34	7.50E-04
0.341	-1.18E-02
0.342	-5.50E-03
0.343	-1.49E-02
0.344	-1.18E-02
0.345	-2.38E-03
0.346	-5.50E-03
0.347	-8.63E-03
0.348	-1.49E-02
0.349	-1.80E-02
0.35	-1.80E-02
0.351	-1.80E-02
0.352	-2.74E-02
0.353	-1.80E-02
0.354	-2.43E-02
0.355	-2.74E-02
0.356	-1.18E-02
0.357	-2.38E-03
0.358	-1.49E-02
0.359	3.88E-03
0.36	3.88E-03
0.361	-2.38E-03
0.362	3.88E-03
0.363	3.88E-03
0.364	7.00E-03
0.365	1.33E-02
0.366	3.88E-03
0.367	7.00E-03
0.368	1.33E-02
0.369	3.88E-03
0.37	7.00E-03
0.371	7.50E-04
0.372	7.50E-04
0.373	-1.80E-02
0.374	-8.63E-03
0.375	3.88E-03
0.376	-1.18E-02
0.377	-1.18E-02
0.378	3.88E-03
0.379	7.00E-03
0.38	7.00E-03
0.381	1.33E-02
0.382	7.00E-03
0.383	7.00E-03
0.384	3.88E-03
0.385	7.50E-04
0.386	1.01E-02
0.387	7.50E-04
0.388	3.88E-03
0.389	1.33E-02
0.39	7.00E-03
0.391	1.64E-02
0.392	1.95E-02
0.393	-5.50E-03
0.394	3.88E-03
0.395	1.33E-02
0.396	1.64E-02
0.397	1.95E-02
0.398	1.33E-02
0.399	1.01E-02
0.4	2.26E-02
0.401	-5.50E-03
0.402	-8.63E-03
0.403	-1.80E-02
0.404	-1.80E-02
0.405	-2.43E-02
0.406	-3.68E-02
0.407	-3.99E-02
0.408	-4.30E-02
0.409	-5.55E-02
0.41	-5.55E-02
0.411	-5.86E-02
0.412	-5.86E-02
0.413	-4.93E-02
0.414	-3.05E-02
0.415	-2.43E-02
0.416	-2.11E-02
0.417	1.01E-02
0.418	7.50E-04
0.419	-5.50E-03
0.42	-1.18E-02
0.421	3.88E-03
0.422	7.00E-03
0.423	3.88E-03
0.424	3.20E-02
0.425	4.14E-02
0.426	6.01E-02
0.427	5.70E-02
0.428	6.01E-02
0.429	7.58E-02
0.43	4.76E-02
0.431	4.45E-02
0.432	3.83E-02
0.433	1.01E-02
0.434	1.95E-02
0.435	1.95E-02
0.436	1.01E-02
0.437	1.33E-02
0.438	3.88E-03
0.439	3.88E-03
0.44	-2.38E-03
0.441	-1.80E-02
0.442	-1.49E-02
0.443	-2.74E-02
0.444	-2.11E-02
0.445	-3.05E-02
0.446	-3.68E-02
0.447	-2.43E-02
0.448	-3.36E-02
0.449	-3.36E-02
0.45	-3.36E-02
0.451	-4.30E-02
0.452	-6.49E-02
0.453	-5.86E-02
0.454	-5.55E-02
0.455	-7.11E-02
0.456	-6.80E-02
0.457	-4.61E-02
0.458	-6.49E-02
0.459	-6.80E-02
0.46	-6.18E-02
0.461	-1.18E-02
0.462	7.50E-04
0.463	1.01E-02
0.464	4.14E-02
0.465	3.20E-02
0.466	2.26E-02
0.467	3.51E-02
0.468	2.26E-02
0.469	1.64E-02
0.47	2.26E-02
0.471	3.83E-02
0.472	6.64E-02
0.473	6.01E-02
0.474	6.01E-02
0.475	7.26E-02
0.476	7.26E-02
0.477	6.33E-02
0.478	5.39E-02
0.479	4.14E-02
0.48	2.89E-02
0.481	2.26E-02
0.482	1.33E-02
0.483	-5.50E-03
0.484	-5.50E-03
0.485	3.88E-03
0.486	-8.63E-03
0.487	-8.63E-03
0.488	-2.38E-03
0.489	-1.18E-02
0.49	-2.11E-02
0.491	-2.11E-02
0.492	-1.18E-02
0.493	-3.05E-02
0.494	-3.05E-02
0.495	-3.68E-02
0.496	-3.99E-02
0.497	-6.80E-02
0.498	-6.49E-02
0.499	-3.68E-02
0.5	-3.68E-02
0.501	-3.68E-02
0.502	-2.74E-02
0.503	-3.36E-02
0.504	-3.68E-02
0.505	-4.93E-02
0.506	-4.61E-02
0.507	-4.30E-02
0.508	-3.05E-02
0.509	-8.63E-03
0.51	-8.63E-03
0.511	7.50E-04
0.512	7.50E-04
0.513	7.00E-03
0.514	7.00E-03
0.515	1.64E-02
0.516	1.95E-02
0.517	2.58E-02
0.518	3.51E-02
0.519	3.51E-02
0.52	3.20E-02
0.521	3.20E-02
0.522	2.89E-02
0.523	3.83E-02
0.524	2.26E-02
0.525	3.20E-02
0.526	3.83E-02
0.527	4.14E-02
0.528	4.45E-02
0.529	3.20E-02
0.53	2.58E-02
0.531	1.95E-02
0.532	1.64E-02
0.533	7.00E-03
0.534	7.50E-04
0.535	-2.38E-03
0.536	-1.80E-02
0.537	-1.80E-02
0.538	-1.49E-02
0.539	-1.49E-02
0.54	-2.43E-02
0.541	-2.43E-02
0.542	-1.80E-02
0.543	-2.11E-02
0.544	-2.11E-02
0.545	-2.43E-02
0.546	-2.43E-02
0.547	-2.43E-02
0.548	-2.43E-02
0.549	-2.38E-03
0.55	7.50E-04
0.551	-1.80E-02
0.552	-5.50E-03
0.553	-2.38E-03
0.554	-2.43E-02
0.555	-2.11E-02
0.556	-2.11E-02
0.557	-2.43E-02
0.558	-2.43E-02
0.559	-2.11E-02
0.56	-1.80E-02
0.561	-2.11E-02
0.562	-2.43E-02
0.563	-8.63E-03
0.564	-1.49E-02
0.565	-2.74E-02
0.566	-1.80E-02
0.567	7.50E-04
0.568	-2.38E-03
0.569	-2.38E-03
0.57	-2.38E-03
0.571	3.88E-03
0.572	-2.38E-03
0.573	-8.63E-03
0.574	7.00E-03
0.575	1.01E-02
0.576	3.88E-03
0.577	1.33E-02
0.578	-2.38E-03
0.579	-2.38E-03
0.58	7.00E-03
0.581	1.33E-02
0.582	1.01E-02
0.583	7.00E-03
0.584	1.33E-02
0.585	7.00E-03
0.586	7.00E-03
0.587	1.01E-02
0.588	7.50E-04
0.589	3.88E-03
0.59	7.50E-04
0.591	-2.38E-03
0.592	-2.38E-03
0.593	-2.38E-03
0.594	-5.50E-03
0.595	-8.63E-03
0.596	-2.38E-03
0.597	-8.63E-03
0.598	-5.50E-03
0.599	3.88E-03
0.6	7.50E-04
0.601	-2.38E-03
0.602	3.88E-03
0.603	1.01E-02
0.604	3.88E-03
0.605	7.50E-04
0.606	-2.38E-03
0.607	-8.63E-03
0.608	-1.18E-02
0.609	-2.38E-03
0.61	3.88E-03
0.611	7.50E-04
0.612	1.33E-02
0.613	7.50E-04
0.614	1.01E-02
0.615	7.50E-04
0.616	7.50E-04
0.617	1.33E-02
0.618	1.01E-02
0.619	1.01E-02
0.62	3.88E-03
0.621	7.50E-04
0.622	-2.38E-03
0.623	-8.63E-03
0.624	7.50E-04
0.625	7.50E-04
0.626	3.88E-03
0.627	-8.63E-03
0.628	-2.38E-03
0.629	3.88E-03
0.63	-1.80E-02
0.631	-1.80E-02
0.632	-1.49E-02
0.633	-2.74E-02
0.634	-1.49E-02
0.635	-1.18E-02
0.636	-2.38E-03
0.637	-1.49E-02
0.638	-2.11E-02
0.639	7.50E-04
0.64	-3.05E-02
0.641	-2.11E-02
0.642	-2.38E-03
0.643	-2.11E-02
0.644	7.50E-04
0.645	-5.50E-03
0.646	-5.50E-03
0.647	-2.38E-03
0.648	-8.63E-03
0.649	-1.18E-02
0.65	7.50E-04
0.651	1.01E-02
0.652	7.50E-04
0.653	1.01E-02
0.654	1.01E-02
0.655	7.00E-03
0.656	1.95E-02
0.657	1.64E-02
0.658	7.50E-04
0.659	1.33E-02
0.66	-2.38E-03
0.661	3.88E-03
0.662	3.88E-03
0.663	-2.38E-03
0.664	3.88E-03
0.665	-1.80E-02
0.666	-1.18E-02
0.667	-2.38E-03
0.668	-8.63E-03
0.669	-5.50E-03
0.67	-2.38E-03
0.671	7.50E-04
0.672	3.88E-03
0.673	7.00E-03
0.674	1.01E-02
0.675	7.00E-03
0.676	1.64E-02
0.677	3.88E-03
0.678	7.50E-04
0.679	7.50E-04
0.68	-8.63E-03
0.681	3.88E-03
0.682	-8.63E-03
0.683	7.50E-04
0.684	7.50E-04
0.685	-2.11E-02
0.686	-8.63E-03
0.687	-8.63E-03
0.688	-8.63E-03
0.689	7.50E-04
0.69	-1.18E-02
0.691	-5.50E-03
0.692	-1.18E-02
0.693	-1.18E-02
0.694	-1.18E-02
0.695	-1.18E-02
0.696	-8.63E-03
0.697	3.88E-03
0.698	-5.50E-03
0.699	7.50E-04
0.7	-5.50E-03
0.701	1.33E-02
0.702	3.88E-03
0.703	7.50E-04
0.704	1.01E-02
0.705	1.33E-02
0.706	3.88E-03
0.707	7.50E-04
0.708	1.01E-02
0.709	1.33E-02
0.71	7.00E-03
0.711	1.64E-02
0.712	2.26E-02
0.713	7.50E-04
0.714	7.00E-03
0.715	-5.50E-03
0.716	-5.50E-03
0.717	7.50E-04
0.718	-8.63E-03
0.719	-2.38E-03
0.72	-5.50E-03
0.721	-1.49E-02
0.722	-1.49E-02
0.723	3.88E-03
0.724	7.50E-04
0.725	-8.63E-03
0.726	-5.50E-03
0.727	-5.50E-03
0.728	-2.38E-03
0.729	-5.50E-03
0.73	-8.63E-03
0.731	-1.18E-02
0.732	-5.50E-03
0.733	-1.80E-02
0.734	-1.49E-02
0.735	-8.63E-03
0.736	-5.50E-03
0.737	-8.63E-03
0.738	7.00E-03
0.739	7.50E-04
0.74	-8.63E-03
0.741	-5.50E-03
0.742	7.50E-04
0.743	-2.38E-03
0.744	-1.18E-02
0.745	-8.63E-03
0.746	7.50E-04
0.747	-8.63E-03
0.748	3.88E-03
0.749	1.01E-02
0.75	-2.38E-03
0.751	7.00E-03
0.752	3.88E-03
0.753	1.01E-02
0.754	7.00E-03
0.755	3.88E-03
0.756	1.95E-02
0.757	1.64E-02
0.758	7.50E-04
0.759	3.51E-02
0.76	1.01E-02
0.761	1.64E-02
0.762	2.26E-02
0.763	1.64E-02
0.764	4.14E-02
0.765	6.01E-02
0.766	4.14E-02
0.767	-3.05E-02
0.768	-2.11E-02
0.769	-9.93E-02
0.77	-2.46E-01
0.771	-2.12E-01
0.772	-1.09E-01
0.773	-3.68E-02
0.774	4.76E-02
0.775	3.83E-02
0.776	9.14E-02
0.777	1.04E-01
0.778	6.33E-02
0.779	-5.50E-03
0.78	-8.05E-02
0.781	-1.37E-01
0.782	-1.40E-01
0.783	-9.93E-02
0.784	-2.38E-03
0.785	5.08E-02
0.786	8.20E-02
0.787	1.13E-01
0.788	8.51E-02
0.789	7.26E-02
0.79	5.08E-02
0.791	5.70E-02
0.792	4.76E-02
0.793	3.20E-02
0.794	3.51E-02
0.795	-2.11E-02
0.796	-2.38E-03
0.797	-1.49E-02
0.798	-2.38E-03
0.799	7.00E-03
0.8	2.26E-02
0.801	3.88E-03
0.802	1.64E-02
0.803	7.00E-03
0.804	1.01E-02
0.805	1.01E-02
0.806	7.50E-04
0.807	-2.38E-03
0.808	-8.63E-03
0.809	-5.50E-03
0.81	3.88E-03
0.811	-2.38E-03
0.812	-2.38E-03
0.813	-5.50E-03
0.814	7.50E-04
0.815	7.50E-04
0.816	7.50E-04
0.817	1.64E-02
0.818	1.64E-02
0.819	2.26E-02
0.82	1.95E-02
0.821	2.26E-02
0.822	2.26E-02
0.823	7.00E-03
0.824	7.00E-03
0.825	3.88E-03
0.826	7.50E-04
0.827	-1.80E-02
0.828	-1.49E-02
0.829	-2.74E-02
0.83	-4.30E-02
0.831	-3.68E-02
0.832	-4.61E-02
0.833	-6.18E-02
0.834	-5.55E-02
0.835	-6.49E-02
0.836	-6.18E-02
0.837	-5.86E-02
0.838	-4.30E-02
0.839	-3.68E-02
0.84	-2.43E-02
0.841	-1.49E-02
0.842	-2.43E-02
0.843	-2.43E-02
0.844	7.50E-04
0.845	-8.63E-03
0.846	1.01E-02
0.847	3.88E-03
0.848	7.50E-04
0.849	1.64E-02
0.85	3.88E-03
0.851	1.33E-02
0.852	1.33E-02
0.853	1.64E-02
0.854	2.26E-02
0.855	1.95E-02
0.856	3.20E-02
0.857	1.95E-02
0.858	3.20E-02
0.859	2.89E-02
0.86	1.33E-02
0.861	2.26E-02
0.862	2.26E-02
0.863	2.26E-02
0.864	1.33E-02
0.865	7.00E-03
0.866	1.33E-02
0.867	1.33E-02
0.868	-2.38E-03
0.869	-5.50E-03
0.87	-8.63E-03
0.871	-1.80E-02
0.872	-2.38E-03
0.873	-1.18E-02
0.874	-1.49E-02
0.875	-1.49E-02
0.876	-1.49E-02
0.877	-1.49E-02
0.878	-8.63E-03
0.879	1.64E-02
0.88	1.01E-02
0.881	1.64E-02
0.882	1.01E-02
0.883	-2.38E-03
0.884	3.88E-03
0.885	-1.18E-02
0.886	-1.18E-02
0.887	7.50E-04
0.888	-2.38E-03
0.889	-2.38E-03
0.89	1.01E-02
0.891	1.01E-02
0.892	7.00E-03
0.893	3.88E-03
0.894	7.00E-03
0.895	-8.63E-03
0.896	-2.38E-03
0.897	-1.18E-02
0.898	-2.43E-02
0.899	-1.18E-02
0.9	-8.63E-03
0.901	-1.18E-02
0.902	-1.18E-02
0.903	-2.38E-03
0.904	-8.63E-03
0.905	3.88E-03
0.906	7.00E-03
0.907	-8.63E-03
0.908	3.88E-03
0.909	-2.38E-03
0.91	-1.49E-02
0.911	7.50E-04
0.912	-2.38E-03
0.913	-2.38E-03
0.914	-5.50E-03
0.915	-8.63E-03
0.916	3.88E-03
0.917	-2.38E-03
0.918	-2.38E-03
0.919	7.50E-04
0.92	-1.49E-02
0.921	7.50E-04
0.922	-1.80E-02
0.923	-1.80E-02
0.924	-5.50E-03
0.925	-1.18E-02
0.926	7.50E-04
0.927	-2.38E-03
0.928	-5.50E-03
0.929	-8.63E-03
0.93	-1.49E-02
0.931	-1.49E-02
0.932	-1.80E-02
0.933	-1.49E-02
0.934	-8.63E-03
0.935	-5.50E-03
0.936	-2.38E-03
0.937	-5.50E-03
0.938	7.00E-03
0.939	7.50E-04
0.94	-8.63E-03
0.941	-1.18E-02
0.942	-2.11E-02
0.943	1.01E-02
0.944	2.58E-02
0.945	2.58E-02
0.946	3.51E-02
0.947	2.58E-02
0.948	1.64E-02
0.949	3.88E-03
0.95	-2.38E-03
0.951	3.88E-03
0.952	-1.18E-02
0.953	-1.80E-02
0.954	-1.18E-02
0.955	3.88E-03
0.956	7.50E-04
0.957	7.50E-04
0.958	-1.18E-02
0.959	-5.50E-03
0.96	1.01E-02
0.961	1.01E-02
0.962	3.88E-03
0.963	7.50E-04
0.964	-5.50E-03
0.965	-8.63E-03
0.966	-1.18E-02
0.967	-1.18E-02
0.968	-1.18E-02
0.969	-8.63E-03
0.97	-5.50E-03
0.971	3.88E-03
0.972	-8.63E-03
0.973	-1.18E-02
0.974	-5.50E-03
0.975	7.50E-04
0.976	-5.50E-03
0.977	-1.49E-02
0.978	7.50E-04
0.979	-2.38E-03
0.98	-2.38E-03
0.981	-5.50E-03
0.982	-1.18E-02
0.983	-8.63E-03
0.984	-2.38E-03
0.985	7.50E-04
0.986	7.50E-04
0.987	3.88E-03
0.988	7.00E-03
0.989	1.01E-02
0.99	7.00E-03
0.991	-5.50E-03
0.992	-2.38E-03
0.993	7.00E-03
0.994	7.50E-04
0.995	-5.50E-03
0.996	1.01E-02
0.997	-5.50E-03
0.998	7.50E-04
0.999	7.50E-04
1	-2.38E-03
1.001	7.50E-04
1.002	-1.49E-02
1.003	-1.18E-02
1.004	-2.38E-03
1.005	-5.50E-03
1.006	-8.63E-03
1.007	-5.50E-03
1.008	3.88E-03
1.009	7.50E-04
1.01	7.50E-04
1.011	1.01E-02
1.012	7.00E-03
1.013	3.88E-03
1.014	7.00E-03
1.015	3.88E-03
1.016	3.88E-03
1.017	-2.38E-03
1.018	-5.50E-03
1.019	-8.63E-03
1.02	-1.49E-02
1.021	-8.63E-03
1.022	-1.49E-02
1.023	-1.49E-02
1.024	-1.80E-02
1.025	-8.63E-03
1.026	-2.38E-03
1.027	-8.63E-03
1.028	-8.63E-03
1.029	-2.38E-03
1.03	-2.38E-03
1.031	-2.43E-02
1.032	-1.49E-02
1.033	3.88E-03
1.034	7.50E-04
1.035	1.33E-02
1.036	2.58E-02
1.037	1.95E-02
1.038	7.00E-03
1.039	1.01E-02
1.04	-1.18E-02
1.041	-8.63E-03
1.042	-1.18E-02
1.043	3.88E-03
1.044	1.33E-02
1.045	-2.38E-03
1.046	3.88E-03
1.047	1.33E-02
1.048	7.50E-04
1.049	-2.38E-03
1.05	3.88E-03
1.051	3.88E-03
1.052	7.50E-04
1.053	-8.63E-03
1.054	-2.38E-03
1.055	3.88E-03
1.056	-8.63E-03
1.057	-8.63E-03
1.058	1.01E-02
1.059	7.50E-04
1.06	-1.18E-02
1.061	3.88E-03
1.062	-5.50E-03
1.063	7.50E-04
1.064	1.01E-02
1.065	3.88E-03
1.066	-5.50E-03
1.067	-5.50E-03
1.068	7.50E-04
1.069	-5.50E-03
1.07	-2.38E-03
1.071	7.50E-04
1.072	3.88E-03
1.073	-1.18E-02
1.074	-8.63E-03
1.075	-2.38E-03
1.076	-2.38E-03
1.077	-1.18E-02
1.078	7.50E-04
1.079	-8.63E-03
1.08	-1.18E-02
1.081	-8.63E-03
1.082	-8.63E-03
1.083	-2.38E-03
1.084	-1.49E-02
1.085	-1.18E-02
1.086	7.50E-04
1.087	-2.38E-03
1.088	-1.18E-02
1.089	-2.38E-03
1.09	-5.50E-03
1.091	-2.38E-03
1.092	-2.38E-03
1.093	7.00E-03
1.094	7.00E-03
1.095	3.88E-03
1.096	1.64E-02
1.097	7.00E-03
1.098	7.00E-03
1.099	1.01E-02
1.1	7.50E-04
1.101	7.00E-03
1.102	-5.50E-03
1.103	-8.63E-03
1.104	7.00E-03
1.105	7.50E-04
1.106	-2.38E-03
1.107	-5.50E-03
1.108	7.50E-04
1.109	-1.18E-02
1.11	-2.38E-03
1.111	7.00E-03
1.112	7.50E-04
1.113	7.50E-04
1.114	3.88E-03
1.115	7.50E-04
1.116	7.50E-04
1.117	-8.63E-03
1.118	-8.63E-03
1.119	-2.38E-03
1.12	-1.80E-02
1.121	-2.38E-03
1.122	-2.38E-03
1.123	-8.63E-03
1.124	-8.63E-03
1.125	-2.38E-03
1.126	-8.63E-03
1.127	-1.18E-02
1.128	-8.63E-03
1.129	-5.50E-03
1.13	-8.63E-03
1.131	-1.18E-02
1.132	-8.63E-03
1.133	-2.38E-03
1.134	-8.63E-03
1.135	-8.63E-03
1.136	3.88E-03
1.137	-2.38E-03
1.138	-1.49E-02
1.139	-2.38E-03
1.14	3.88E-03
1.141	-2.38E-03
1.142	-8.63E-03
1.143	3.88E-03
1.144	3.88E-03
1.145	7.50E-04
1.146	3.88E-03
1.147	1.01E-02
1.148	7.00E-03
1.149	-2.38E-03
1.15	7.00E-03
1.151	1.95E-02
1.152	-5.50E-03
1.153	1.33E-02
1.154	3.88E-03
1.155	1.01E-02
1.156	3.88E-03
1.157	3.88E-03
1.158	1.01E-02
1.159	-2.38E-03
1.16	7.50E-04
1.161	7.50E-04
1.162	-5.50E-03
1.163	-8.63E-03
1.164	-5.50E-03
1.165	-5.50E-03
1.166	-2.38E-03
1.167	7.50E-04
1.168	-2.38E-03
1.169	-5.50E-03
1.17	-1.18E-02
1.171	-8.63E-03
1.172	-5.50E-03
1.173	-8.63E-03
1.174	-1.18E-02
1.175	-2.38E-03
1.176	-5.50E-03
1.177	-1.18E-02
1.178	-5.50E-03
1.179	-1.18E-02
1.18	-1.18E-02
1.181	-1.18E-02
1.182	-2.38E-03
1.183	-5.50E-03
1.184	3.88E-03
1.185	1.01E-02
1.186	-5.50E-03
1.187	-2.38E-03
1.188	3.88E-03
1.189	7.00E-03
1.19	7.50E-04
1.191	-2.38E-03
1.192	7.00E-03
1.193	3.88E-03
1.194	-5.50E-03
1.195	3.88E-03
1.196	-2.38E-03
1.197	-5.50E-03
1.198	7.50E-04
1.199	-8.63E-03
1.2	7.50E-04
1.201	3.88E-03
1.202	-1.18E-02
1.203	7.00E-03
1.204	-8.63E-03
1.205	-8.63E-03
1.206	-2.38E-03
1.207	-2.38E-03
1.208	7.00E-03
1.209	-5.50E-03
1.21	-8.63E-03
1.211	-2.38E-03
1.212	-8.63E-03
1.213	-8.63E-03
1.214	-2.38E-03
1.215	1.33E-02
1.216	7.50E-04
1.217	-5.50E-03
1.218	3.88E-03
1.219	-2.38E-03
1.22	7.50E-04
1.221	3.88E-03
1.222	-5.50E-03
1.223	-2.38E-03
1.224	-5.50E-03
1.225	-2.38E-03
1.226	-2.38E-03
1.227	-2.38E-03
1.228	-2.38E-03
1.229	-5.50E-03
1.23	-5.50E-03
1.231	-5.50E-03
1.232	7.50E-04
1.233	-1.18E-02
1.234	-1.18E-02
1.235	3.88E-03
1.236	7.50E-04
1.237	7.50E-04
1.238	7.50E-04
1.239	-1.18E-02
1.24	7.50E-04
1.241	-8.63E-03
1.242	-2.38E-03
1.243	-5.50E-03
1.244	-1.80E-02
1.245	-2.38E-03
1.246	-5.50E-03
1.247	-5.50E-03
1.248	7.00E-03
1.249	-2.38E-03
1.25	7.50E-04
1.251	-2.38E-03
1.252	7.50E-04
1.253	7.50E-04
1.254	-2.38E-03
1.255	-5.50E-03
1.256	3.88E-03
1.257	7.00E-03
1.258	-8.63E-03
1.259	-2.38E-03
1.26	7.50E-04
1.261	7.50E-04
1.262	-2.38E-03
1.263	7.00E-03
1.264	3.88E-03
1.265	3.88E-03
1.266	-2.38E-03
1.267	-2.38E-03
1.268	7.50E-04
1.269	-5.50E-03
1.27	-2.38E-03
1.271	-2.38E-03
1.272	-5.50E-03
1.273	-1.18E-02
1.274	-1.18E-02
1.275	-2.38E-03
1.276	-1.49E-02
1.277	-1.18E-02
1.278	7.50E-04
1.279	-1.18E-02
1.28	-2.38E-03
1.281	3.88E-03
1.282	-2.38E-03
1.283	-8.63E-03
1.284	-5.50E-03
1.285	7.50E-04
1.286	-1.18E-02
1.287	-5.50E-03
1.288	7.50E-04
1.289	-5.50E-03
1.29	7.50E-04
1.291	-5.50E-03
1.292	-2.38E-03
1.293	7.50E-04
1.294	-1.49E-02
1.295	-2.38E-03
1.296	7.50E-04
1.297	-2.38E-03
1.298	7.00E-03
1.299	3.88E-03
1.3	3.88E-03
1.301	-2.38E-03
1.302	-2.38E-03
1.303	1.01E-02
1.304	7.50E-04
1.305	3.88E-03
1.306	1.33E-02
1.307	7.00E-03
1.308	1.01E-02
1.309	3.88E-03
1.31	7.00E-03
1.311	1.01E-02
1.312	-2.38E-03
1.313	7.00E-03
1.314	3.88E-03
1.315	-5.50E-03
1.316	7.50E-04
1.317	-2.38E-03
1.318	-5.50E-03
1.319	-8.63E-03
1.32	-1.18E-02
1.321	-1.18E-02
1.322	-1.49E-02
1.323	-1.18E-02
1.324	-2.11E-02
1.325	-1.49E-02
1.326	-2.43E-02
1.327	-1.49E-02
1.328	-2.38E-03
1.329	-1.18E-02
1.33	-1.49E-02
1.331	-8.63E-03
1.332	-8.63E-03
1.333	-5.50E-03
1.334	-8.63E-03
1.335	-5.50E-03
1.336	-1.18E-02
1.337	-2.38E-03
1.338	7.00E-03
1.339	-5.50E-03
1.34	7.50E-04
1.341	-2.38E-03
1.342	-5.50E-03
1.343	7.00E-03
1.344	-2.38E-03
1.345	3.88E-03
1.346	7.50E-04
1.347	7.50E-04
1.348	-2.38E-03
1.349	7.50E-04
1.35	3.88E-03
1.351	3.88E-03
1.352	1.01E-02
1.353	7.50E-04
1.354	-5.50E-03
1.355	3.88E-03
1.356	7.50E-04
1.357	3.88E-03
1.358	-2.38E-03
1.359	7.50E-04
1.36	3.88E-03
1.361	-8.63E-03
1.362	-8.63E-03
1.363	3.88E-03
1.364	-1.18E-02
1.365	7.50E-04
1.366	-2.38E-03
1.367	-2.38E-03
1.368	7.50E-04
1.369	7.50E-04
1.37	3.88E-03
1.371	3.88E-03
1.372	7.50E-04
1.373	1.01E-02
1.374	7.00E-03
1.375	1.01E-02
1.376	7.00E-03
1.377	1.01E-02
1.378	1.64E-02
1.379	3.88E-03
1.38	7.00E-03
1.381	1.01E-02
1.382	7.00E-03
1.383	3.88E-03
1.384	3.88E-03
1.385	7.00E-03
1.386	-8.63E-03
1.387	-1.49E-02
1.388	-5.50E-03
1.389	-2.43E-02
1.39	-1.80E-02
1.391	-2.74E-02
1.392	-3.68E-02
1.393	-3.99E-02
1.394	-5.24E-02
1.395	-4.61E-02
1.396	-4.93E-02
1.397	-4.30E-02
1.398	-2.11E-02
1.399	-1.18E-02
1.4	-1.18E-02
1.401	-8.63E-03
1.402	-2.38E-03
1.403	3.88E-03
1.404	7.00E-03
1.405	7.00E-03
1.406	2.26E-02
1.407	2.26E-02
1.408	2.26E-02
1.409	4.45E-02
1.41	5.39E-02
1.411	4.45E-02
1.412	5.39E-02
1.413	5.70E-02
1.414	4.76E-02
1.415	3.51E-02
1.416	1.95E-02
1.417	2.58E-02
1.418	7.00E-03
1.419	7.50E-04
1.42	7.50E-04
1.421	-2.38E-03
1.422	-1.49E-02
1.423	-2.11E-02
1.424	-1.80E-02
1.425	-2.74E-02
1.426	-3.68E-02
1.427	-2.11E-02
1.428	-2.43E-02
1.429	-3.36E-02
1.43	-1.80E-02
1.431	-1.49E-02
1.432	-1.80E-02
1.433	-2.43E-02
1.434	-2.74E-02
1.435	-1.80E-02
1.436	-3.36E-02
1.437	-3.99E-02
1.438	-3.05E-02
1.439	-3.99E-02
1.44	-3.68E-02
1.441	-3.99E-02
1.442	-3.36E-02
1.443	-3.99E-02
1.444	-4.61E-02
1.445	-3.05E-02
1.446	-8.63E-03
1.447	2.89E-02
1.448	1.64E-02
1.449	4.76E-02
1.45	4.14E-02
1.451	3.20E-02
1.452	2.58E-02
1.453	2.26E-02
1.454	1.01E-02
1.455	2.89E-02
1.456	3.83E-02
1.457	5.70E-02
1.458	6.33E-02
1.459	6.33E-02
1.46	7.26E-02
1.461	4.76E-02
1.462	4.76E-02
1.463	4.45E-02
1.464	1.95E-02
1.465	1.95E-02
1.466	3.88E-03
1.467	-5.50E-03
1.468	-8.63E-03
1.469	-1.49E-02
1.47	-1.49E-02
1.471	-3.05E-02
1.472	-3.68E-02
1.473	-3.36E-02
1.474	-3.99E-02
1.475	-3.36E-02
1.476	-3.99E-02
1.477	-3.36E-02
1.478	-3.68E-02
1.479	-4.61E-02
1.48	-3.99E-02
1.481	-3.99E-02
1.482	-4.93E-02
1.483	-3.99E-02
1.484	-5.24E-02
1.485	-3.68E-02
1.486	-3.99E-02
1.487	-3.36E-02
1.488	-2.11E-02
1.489	-2.43E-02
1.49	-1.49E-02
1.491	-8.63E-03
1.492	-5.50E-03
1.493	3.88E-03
1.494	1.01E-02
1.495	1.95E-02
1.496	2.89E-02
1.497	3.83E-02
1.498	3.51E-02
1.499	2.58E-02
1.5	2.89E-02
1.501	2.58E-02
1.502	2.58E-02
1.503	2.58E-02
1.504	1.33E-02
1.505	1.64E-02
1.506	2.26E-02
1.507	2.26E-02
1.508	2.58E-02
1.509	1.95E-02
1.51	2.26E-02
1.511	1.64E-02
1.512	1.95E-02
1.513	7.00E-03
1.514	1.01E-02
1.515	7.00E-03
1.516	-5.50E-03
1.517	7.50E-04
1.518	-1.49E-02
1.519	-1.49E-02
1.52	-1.18E-02
1.521	-2.11E-02
1.522	-1.49E-02
1.523	-2.43E-02
1.524	-1.80E-02
1.525	-3.05E-02
1.526	-3.68E-02
1.527	-1.80E-02
1.528	-1.80E-02
1.529	-2.11E-02
1.53	-1.49E-02
1.531	-5.50E-03
1.532	-8.63E-03
1.533	-5.50E-03
1.534	-2.38E-03
1.535	-5.50E-03
1.536	-5.50E-03
1.537	7.00E-03
1.538	1.64E-02
1.539	1.01E-02
1.54	1.64E-02
1.541	1.01E-02
1.542	1.01E-02
1.543	1.33E-02
1.544	3.88E-03
1.545	7.00E-03
1.546	-2.38E-03
1.547	7.50E-04
1.548	7.00E-03
1.549	-1.80E-02
1.55	-1.18E-02
1.551	-2.38E-03
1.552	-1.80E-02
1.553	-1.49E-02
1.554	-2.11E-02
1.555	-1.49E-02
1.556	-1.18E-02
1.557	-1.80E-02
1.558	-1.18E-02
1.559	-1.80E-02
1.56	-1.18E-02
1.561	-1.18E-02
1.562	-1.49E-02
1.563	-2.38E-03
1.564	-8.63E-03
1.565	3.88E-03
1.566	-2.38E-03
1.567	3.88E-03
1.568	1.01E-02
1.569	7.50E-04
1.57	7.50E-04
1.571	7.00E-03
1.572	-1.18E-02
1.573	-1.18E-02
1.574	-8.63E-03
1.575	-5.50E-03
1.576	-5.50E-03
1.577	-5.50E-03
1.578	3.88E-03
1.579	-2.38E-03
1.58	7.50E-04
1.581	7.50E-04
1.582	7.00E-03
1.583	-2.38E-03
1.584	-2.38E-03
1.585	7.00E-03
1.586	-8.63E-03
1.587	-2.38E-03
1.588	7.50E-04
1.589	-8.63E-03
1.59	1.01E-02
1.591	3.88E-03
1.592	1.01E-02
1.593	1.01E-02
1.594	1.01E-02
1.595	1.33E-02
1.596	1.01E-02
1.597	7.00E-03
1.598	7.50E-04
1.599	7.50E-04
1.6	-2.38E-03
1.601	-2.38E-03
1.602	-8.63E-03
1.603	-8.63E-03
1.604	-5.50E-03
1.605	-5.50E-03
1.606	-1.18E-02
1.607	-8.63E-03
1.608	3.88E-03
1.609	-5.50E-03
1.61	7.00E-03
1.611	-1.49E-02
1.612	-8.63E-03
1.613	-8.63E-03
1.614	-1.80E-02
1.615	-2.38E-03
1.616	-1.18E-02
1.617	-8.63E-03
1.618	-5.50E-03
1.619	-1.18E-02
1.62	7.50E-04
1.621	-5.50E-03
1.622	-1.18E-02
1.623	-1.18E-02
1.624	-1.18E-02
1.625	-1.18E-02
1.626	-8.63E-03
1.627	-8.63E-03
1.628	7.50E-04
1.629	-2.38E-03
1.63	1.01E-02
1.631	7.50E-04
1.632	7.00E-03
1.633	1.01E-02
1.634	-8.63E-03
1.635	7.00E-03
1.636	1.01E-02
1.637	3.88E-03
1.638	1.64E-02
1.639	7.00E-03
1.64	1.01E-02
1.641	1.33E-02
1.642	3.88E-03
1.643	-2.38E-03
1.644	7.50E-04
1.645	7.50E-04
1.646	3.88E-03
1.647	7.00E-03
1.648	-5.50E-03
1.649	3.88E-03
1.65	7.50E-04
1.651	-5.50E-03
1.652	-8.63E-03
1.653	-1.49E-02
1.654	-8.63E-03
1.655	-1.49E-02
1.656	-2.74E-02
1.657	-8.63E-03
1.658	-1.18E-02
1.659	-8.63E-03
1.66	-5.50E-03
1.661	-1.18E-02
1.662	-8.63E-03
1.663	-1.18E-02
1.664	-2.11E-02
1.665	-8.63E-03
1.666	-1.18E-02
1.667	-2.38E-03
1.668	-2.38E-03
1.669	3.88E-03
1.67	1.01E-02
1.671	7.50E-04
1.672	3.88E-03
1.673	-5.50E-03
1.674	7.50E-04
1.675	7.00E-03
1.676	7.50E-04
1.677	3.88E-03
1.678	3.88E-03
1.679	7.00E-03
1.68	1.33E-02
1.681	1.01E-02
1.682	1.64E-02
1.683	7.50E-04
1.684	-8.63E-03
1.685	3.88E-03
1.686	7.50E-04
1.687	-2.38E-03
1.688	-2.38E-03
1.689	7.50E-04
1.69	-2.38E-03
1.691	7.50E-04
1.692	-2.38E-03
1.693	3.88E-03
1.694	3.88E-03
1.695	-8.63E-03
1.696	7.00E-03
1.697	1.01E-02
1.698	3.88E-03
1.699	3.88E-03
1.7	3.88E-03
1.701	2.26E-02
1.702	1.95E-02
1.703	-1.49E-02
1.704	-2.11E-02
1.705	-3.99E-02
1.706	-3.05E-02
1.707	-2.74E-02
1.708	-2.11E-02
1.709	-1.18E-02
1.71	1.01E-02
1.711	-8.63E-03
1.712	1.01E-02
1.713	-1.18E-02
1.714	-1.18E-02
1.715	-1.18E-02
1.716	-1.80E-02
1.717	-5.50E-03
1.718	-1.18E-02
1.719	3.88E-03
1.72	7.00E-03
1.721	-5.50E-03
1.722	-5.50E-03
1.723	7.50E-04
1.724	-5.50E-03
1.725	-2.38E-03
1.726	7.00E-03
1.727	7.00E-03
1.728	7.00E-03
1.729	1.01E-02
1.73	1.01E-02
1.731	3.88E-03
1.732	3.88E-03
1.733	3.88E-03
1.734	3.88E-03
1.735	-2.38E-03
1.736	7.50E-04
1.737	1.01E-02
1.738	7.00E-03
1.739	1.33E-02
1.74	2.89E-02
1.741	1.95E-02
1.742	2.26E-02
1.743	7.00E-03
1.744	1.01E-02
1.745	1.33E-02
1.746	-2.38E-03
1.747	4.76E-02
1.748	5.70E-02
1.749	6.64E-02
1.75	2.89E-02
1.751	-3.68E-02
1.752	-3.99E-02
1.753	-2.12E-01
1.754	-2.37E-01
1.755	-1.62E-01
1.756	-5.24E-02
1.757	-1.80E-02
1.758	7.50E-04
1.759	3.20E-02
1.76	8.51E-02
1.761	8.51E-02
1.762	4.14E-02
1.763	-7.43E-02
1.764	-9.93E-02
1.765	-1.43E-01
1.766	-1.31E-01
1.767	-7.43E-02
1.768	-2.38E-03
1.769	8.83E-02
1.77	1.10E-01
1.771	1.16E-01
1.772	9.76E-02
1.773	7.26E-02
1.774	6.01E-02
1.775	6.01E-02
1.776	5.39E-02
1.777	2.89E-02
1.778	1.33E-02
1.779	7.00E-03
1.78	-8.63E-03
1.781	-1.49E-02
1.782	-2.11E-02
1.783	-2.43E-02
1.784	-1.49E-02
1.785	-5.50E-03
1.786	-1.18E-02
1.787	-5.50E-03
1.788	-5.50E-03
1.789	-2.38E-03
1.79	-5.50E-03
1.791	-1.18E-02
1.792	-1.49E-02
1.793	-1.80E-02
1.794	1.33E-02
1.795	7.50E-04
1.796	1.95E-02
1.797	-5.50E-03
1.798	3.88E-03
1.799	7.50E-04
1.8	-1.18E-02
1.801	1.95E-02
1.802	1.01E-02
1.803	7.00E-03
1.804	2.58E-02
1.805	7.00E-03
1.806	1.64E-02
1.807	1.64E-02
1.808	7.50E-04
1.809	-2.38E-03
1.81	-1.18E-02
1.811	-1.80E-02
1.812	-2.11E-02
1.813	-2.11E-02
1.814	-3.36E-02
1.815	-2.11E-02
1.816	-3.05E-02
1.817	-3.68E-02
1.818	-3.05E-02
1.819	-4.30E-02
1.82	-3.36E-02
1.821	-2.74E-02
1.822	-4.93E-02
1.823	-2.11E-02
1.824	-2.74E-02
1.825	-3.99E-02
1.826	-1.80E-02
1.827	-1.80E-02
1.828	-1.49E-02
1.829	7.00E-03
1.83	7.50E-04
1.831	7.00E-03
1.832	1.01E-02
1.833	1.01E-02
1.834	1.33E-02
1.835	3.88E-03
1.836	1.01E-02
1.837	1.33E-02
1.838	3.88E-03
1.839	-5.50E-03
1.84	1.33E-02
1.841	7.00E-03
1.842	1.64E-02
1.843	1.33E-02
1.844	2.26E-02
1.845	2.26E-02
1.846	2.26E-02
1.847	3.20E-02
1.848	3.88E-03
1.849	7.00E-03
1.85	7.50E-04
1.851	-8.63E-03
1.852	7.50E-04
1.853	3.88E-03
1.854	-2.38E-03
1.855	7.50E-04
1.856	-5.50E-03
1.857	-2.38E-03
1.858	-1.18E-02
1.859	-2.38E-03
1.86	-5.50E-03
1.861	-1.49E-02
1.862	-1.18E-02
1.863	-8.63E-03
1.864	-8.63E-03
1.865	7.00E-03
1.866	-5.50E-03
1.867	7.50E-04
1.868	7.50E-04
1.869	-2.38E-03
1.87	-1.18E-02
1.871	-5.50E-03
1.872	-1.18E-02
1.873	-1.49E-02
1.874	-5.50E-03
1.875	7.50E-04
1.876	3.88E-03
1.877	-5.50E-03
1.878	-1.18E-02
1.879	-1.18E-02
1.88	-8.63E-03
1.881	-2.38E-03
1.882	3.88E-03
1.883	3.88E-03
1.884	1.01E-02
1.885	1.33E-02
1.886	7.00E-03
1.887	1.33E-02
1.888	3.88E-03
1.889	3.88E-03
1.89	3.88E-03
1.891	7.50E-04
1.892	3.88E-03
1.893	7.00E-03
1.894	3.88E-03
1.895	-5.50E-03
1.896	-2.38E-03
1.897	3.88E-03
1.898	7.50E-04
1.899	-2.38E-03
1.9	-2.38E-03
1.901	-1.18E-02
1.902	-8.63E-03
1.903	-8.63E-03
1.904	-8.63E-03
1.905	-8.63E-03
1.906	-1.18E-02
1.907	-1.18E-02
1.908	-2.11E-02
1.909	-1.49E-02
1.91	-1.18E-02
1.911	-2.74E-02
1.912	-8.63E-03
1.913	-2.11E-02
1.914	-2.74E-02
1.915	-1.18E-02
1.916	-8.63E-03
1.917	-5.50E-03
1.918	-5.50E-03
1.919	-8.63E-03
1.92	-5.50E-03
1.921	-2.38E-03
1.922	-2.38E-03
1.923	-2.38E-03
1.924	3.88E-03
1.925	-8.63E-03
1.926	-8.63E-03
1.927	3.88E-03
1.928	-1.18E-02
1.929	1.64E-02
1.93	1.64E-02
1.931	-2.38E-03
1.932	7.00E-03
1.933	-2.38E-03
1.934	-5.50E-03
1.935	7.00E-03
1.936	3.88E-03
1.937	7.00E-03
1.938	1.01E-02
1.939	1.64E-02
1.94	7.00E-03
1.941	7.00E-03
1.942	1.33E-02
1.943	-2.38E-03
1.944	1.01E-02
1.945	-5.50E-03
1.946	-5.50E-03
1.947	7.00E-03
1.948	7.50E-04
1.949	7.50E-04
1.95	7.50E-04
1.951	-8.63E-03
1.952	-2.38E-03
1.953	-5.50E-03
1.954	-2.38E-03
1.955	-8.63E-03
1.956	7.50E-04
1.957	3.88E-03
1.958	-2.38E-03
1.959	7.00E-03
1.96	7.50E-04
1.961	-8.63E-03
1.962	-2.38E-03
1.963	-5.50E-03
1.964	-1.18E-02
1.965	7.50E-04
1.966	-2.38E-03
1.967	-2.38E-03
1.968	-8.63E-03
1.969	-1.18E-02
1.97	-5.50E-03
1.971	-1.18E-02
1.972	-2.38E-03
1.973	-5.50E-03
1.974	-5.50E-03
1.975	-5.50E-03
1.976	7.50E-04
1.977	-5.50E-03
1.978	-8.63E-03
1.979	-2.38E-03
1.98	-5.50E-03
1.981	7.50E-04
1.982	-8.63E-03
1.983	-2.38E-03
1.984	3.88E-03
1.985	-1.18E-02
1.986	-5.50E-03
1.987	-2.38E-03
1.988	-8.63E-03
1.989	-8.63E-03
1.99	7.50E-04
1.991	3.88E-03
1.992	-5.50E-03
1.993	-5.50E-03
1.994	-5.50E-03
1.995	-2.38E-03
1.996	-2.38E-03
1.997	7.50E-04
1.998	-5.50E-03
1.999	1.64E-02
