0	3.75E-03
0.001	3.75E-03
0.002	3.75E-03
0.003	-1.19E-02
0.004	3.75E-03
0.005	-1.19E-02
0.006	3.75E-03
0.007	3.75E-03
0.008	-1.19E-02
0.009	-1.19E-02
0.01	3.75E-03
0.011	-1.19E-02
0.012	-1.19E-02
0.013	-1.19E-02
0.014	-1.19E-02
0.015	-1.19E-02
0.016	3.75E-03
0.017	3.75E-03
0.018	3.75E-03
0.019	-1.19E-02
0.02	3.75E-03
0.021	3.75E-03
0.022	-1.19E-02
0.023	3.75E-03
0.024	-1.19E-02
0.025	-1.19E-02
0.026	-1.19E-02
0.027	3.75E-03
0.028	-1.19E-02
0.029	-1.19E-02
0.03	-1.19E-02
0.031	-1.19E-02
0.032	-1.19E-02
0.033	-1.19E-02
0.034	3.75E-03
0.035	3.75E-03
0.036	3.75E-03
0.037	3.75E-03
0.038	-1.19E-02
0.039	3.75E-03
0.04	3.75E-03
0.041	3.75E-03
0.042	1.94E-02
0.043	1.94E-02
0.044	3.75E-03
0.045	3.75E-03
0.046	1.94E-02
0.047	1.94E-02
0.048	3.75E-03
0.049	1.94E-02
0.05	1.94E-02
0.051	3.75E-03
0.052	3.75E-03
0.053	1.94E-02
0.054	3.75E-03
0.055	3.75E-03
0.056	3.75E-03
0.057	1.94E-02
0.058	1.94E-02
0.059	1.94E-02
0.06	3.75E-03
0.061	3.75E-03
0.062	3.75E-03
0.063	3.75E-03
0.064	-1.19E-02
0.065	-1.19E-02
0.066	-1.19E-02
0.067	-1.19E-02
0.068	-1.19E-02
0.069	-1.19E-02
0.07	-1.19E-02
0.071	-1.19E-02
0.072	-1.19E-02
0.073	3.75E-03
0.074	3.75E-03
0.075	3.75E-03
0.076	-1.19E-02
0.077	-1.19E-02
0.078	3.75E-03
0.079	-1.19E-02
0.08	-1.19E-02
0.081	1.94E-02
0.082	-1.19E-02
0.083	-1.19E-02
0.084	3.75E-03
0.085	3.75E-03
0.086	-1.19E-02
0.087	-1.19E-02
0.088	-1.19E-02
0.089	3.75E-03
0.09	3.75E-03
0.091	-1.19E-02
0.092	3.75E-03
0.093	3.75E-03
0.094	3.75E-03
0.095	1.94E-02
0.096	3.75E-03
0.097	-1.19E-02
0.098	3.75E-03
0.099	3.75E-03
0.1	3.75E-03
0.101	3.75E-03
0.102	3.75E-03
0.103	-1.19E-02
0.104	-1.19E-02
0.105	-1.19E-02
0.106	-2.75E-02
0.107	-1.19E-02
0.108	-1.19E-02
0.109	3.75E-03
0.11	3.75E-03
0.111	-1.19E-02
0.112	3.75E-03
0.113	3.75E-03
0.114	-1.19E-02
0.115	3.75E-03
0.116	1.94E-02
0.117	1.94E-02
0.118	1.94E-02
0.119	3.75E-03
0.12	3.75E-03
0.121	1.94E-02
0.122	3.75E-03
0.123	3.75E-03
0.124	3.75E-03
0.125	1.94E-02
0.126	1.94E-02
0.127	3.75E-03
0.128	3.75E-03
0.129	3.75E-03
0.13	3.75E-03
0.131	-1.19E-02
0.132	-1.19E-02
0.133	-1.19E-02
0.134	3.75E-03
0.135	-1.19E-02
0.136	-1.19E-02
0.137	-1.19E-02
0.138	-1.19E-02
0.139	3.75E-03
0.14	-2.75E-02
0.141	3.75E-03
0.142	-1.19E-02
0.143	-1.19E-02
0.144	-1.19E-02
0.145	1.94E-02
0.146	-1.19E-02
0.147	3.75E-03
0.148	3.75E-03
0.149	-1.19E-02
0.15	3.75E-03
0.151	3.75E-03
0.152	-1.19E-02
0.153	3.75E-03
0.154	3.75E-03
0.155	-1.19E-02
0.156	3.75E-03
0.157	-1.19E-02
0.158	3.75E-03
0.159	3.75E-03
0.16	3.75E-03
0.161	1.94E-02
0.162	1.94E-02
0.163	-2.75E-02
0.164	-1.19E-02
0.165	-1.19E-02
0.166	-2.75E-02
0.167	-1.19E-02
0.168	-1.19E-02
0.169	-1.19E-02
0.17	3.75E-03
0.171	-1.19E-02
0.172	-1.19E-02
0.173	3.75E-03
0.174	-1.19E-02
0.175	-1.19E-02
0.176	3.75E-03
0.177	3.75E-03
0.178	3.75E-03
0.179	-1.19E-02
0.18	3.75E-03
0.181	3.75E-03
0.182	3.75E-03
0.183	-1.19E-02
0.184	1.94E-02
0.185	1.94E-02
0.186	3.50E-02
0.187	5.06E-02
0.188	1.94E-02
0.189	1.94E-02
0.19	3.50E-02
0.191	1.94E-02
0.192	1.94E-02
0.193	1.94E-02
0.194	3.75E-03
0.195	3.75E-03
0.196	3.75E-03
0.197	3.75E-03
0.198	-1.19E-02
0.199	-1.19E-02
0.2	-1.19E-02
0.201	3.75E-03
0.202	-1.19E-02
0.203	-2.75E-02
0.204	-1.19E-02
0.205	-2.75E-02
0.206	-2.75E-02
0.207	-1.19E-02
0.208	-2.75E-02
0.209	-2.75E-02
0.21	-2.75E-02
0.211	-7.44E-02
0.212	-2.75E-02
0.213	5.06E-02
0.214	-5.88E-02
0.215	1.94E-02
0.216	3.50E-02
0.217	1.94E-02
0.218	3.50E-02
0.219	3.50E-02
0.22	3.75E-03
0.221	1.94E-02
0.222	1.94E-02
0.223	3.75E-03
0.224	1.94E-02
0.225	1.94E-02
0.226	1.94E-02
0.227	3.75E-03
0.228	3.75E-03
0.229	3.75E-03
0.23	3.75E-03
0.231	-1.19E-02
0.232	-1.19E-02
0.233	3.75E-03
0.234	-1.19E-02
0.235	-1.19E-02
0.236	-2.75E-02
0.237	-1.19E-02
0.238	-1.19E-02
0.239	-2.75E-02
0.24	-1.19E-02
0.241	3.75E-03
0.242	3.75E-03
0.243	1.94E-02
0.244	1.94E-02
0.245	1.94E-02
0.246	3.75E-03
0.247	3.75E-03
0.248	3.50E-02
0.249	1.94E-02
0.25	1.94E-02
0.251	3.75E-03
0.252	1.94E-02
0.253	3.75E-03
0.254	-1.19E-02
0.255	-1.19E-02
0.256	-1.19E-02
0.257	-1.19E-02
0.258	-1.19E-02
0.259	3.75E-03
0.26	-1.19E-02
0.261	-1.19E-02
0.262	-1.19E-02
0.263	-1.19E-02
0.264	-1.19E-02
0.265	3.75E-03
0.266	-1.19E-02
0.267	3.75E-03
0.268	-1.19E-02
0.269	3.75E-03
0.27	-1.19E-02
0.271	-1.19E-02
0.272	-1.19E-02
0.273	3.75E-03
0.274	-1.19E-02
0.275	-1.19E-02
0.276	-1.19E-02
0.277	3.75E-03
0.278	-2.75E-02
0.279	-1.19E-02
0.28	3.75E-03
0.281	3.75E-03
0.282	3.75E-03
0.283	3.75E-03
0.284	3.75E-03
0.285	3.75E-03
0.286	3.75E-03
0.287	3.75E-03
0.288	3.75E-03
0.289	1.94E-02
0.29	3.75E-03
0.291	3.75E-03
0.292	3.75E-03
0.293	3.75E-03
0.294	3.75E-03
0.295	3.75E-03
0.296	1.94E-02
0.297	1.94E-02
0.298	1.94E-02
0.299	3.75E-03
0.3	3.75E-03
0.301	3.75E-03
0.302	3.75E-03
0.303	3.75E-03
0.304	1.94E-02
0.305	1.94E-02
0.306	1.94E-02
0.307	3.75E-03
0.308	3.75E-03
0.309	1.94E-02
0.31	3.75E-03
0.311	3.75E-03
0.312	3.75E-03
0.313	-1.19E-02
0.314	3.75E-03
0.315	3.75E-03
0.316	-1.19E-02
0.317	3.75E-03
0.318	-1.19E-02
0.319	-1.19E-02
0.32	-1.19E-02
0.321	3.75E-03
0.322	-1.19E-02
0.323	-2.75E-02
0.324	-1.19E-02
0.325	-1.19E-02
0.326	-2.75E-02
0.327	-2.75E-02
0.328	-1.19E-02
0.329	-1.19E-02
0.33	-1.19E-02
0.331	-1.19E-02
0.332	-1.19E-02
0.333	3.75E-03
0.334	3.75E-03
0.335	-1.19E-02
0.336	-1.19E-02
0.337	3.75E-03
0.338	3.75E-03
0.339	-1.19E-02
0.34	-1.19E-02
0.341	-2.75E-02
0.342	-2.75E-02
0.343	-2.75E-02
0.344	-2.75E-02
0.345	-1.19E-02
0.346	-2.75E-02
0.347	-1.19E-02
0.348	3.75E-03
0.349	3.75E-03
0.35	3.75E-03
0.351	-1.19E-02
0.352	-1.19E-02
0.353	-2.75E-02
0.354	-2.75E-02
0.355	3.75E-03
0.356	3.75E-03
0.357	3.50E-02
0.358	5.06E-02
0.359	5.06E-02
0.36	5.06E-02
0.361	5.06E-02
0.362	6.63E-02
0.363	6.63E-02
0.364	5.06E-02
0.365	5.06E-02
0.366	5.06E-02
0.367	5.06E-02
0.368	5.06E-02
0.369	5.06E-02
0.37	3.50E-02
0.371	1.94E-02
0.372	3.75E-03
0.373	3.75E-03
0.374	3.75E-03
0.375	-1.19E-02
0.376	3.75E-03
0.377	3.75E-03
0.378	-1.19E-02
0.379	3.75E-03
0.38	1.94E-02
0.381	1.94E-02
0.382	-1.19E-02
0.383	-1.19E-02
0.384	-1.19E-02
0.385	-2.75E-02
0.386	-2.75E-02
0.387	-4.31E-02
0.388	-1.06E-01
0.389	-1.21E-01
0.39	-1.21E-01
0.391	-1.06E-01
0.392	-7.44E-02
0.393	-1.06E-01
0.394	-1.21E-01
0.395	-1.21E-01
0.396	-1.37E-01
0.397	-1.53E-01
0.398	-1.37E-01
0.399	-1.53E-01
0.4	-1.21E-01
0.401	-9.00E-02
0.402	-1.19E-02
0.403	3.75E-03
0.404	3.50E-02
0.405	1.44E-01
0.406	1.44E-01
0.407	1.76E-01
0.408	2.23E-01
0.409	2.69E-01
0.41	2.69E-01
0.411	2.69E-01
0.412	2.54E-01
0.413	2.54E-01
0.414	2.23E-01
0.415	1.76E-01
0.416	1.60E-01
0.417	1.29E-01
0.418	8.19E-02
0.419	3.50E-02
0.42	-2.75E-02
0.421	-9.00E-02
0.422	-1.21E-01
0.423	-1.68E-01
0.424	-1.99E-01
0.425	-2.15E-01
0.426	-2.31E-01
0.427	-2.15E-01
0.428	-2.31E-01
0.429	-2.31E-01
0.43	-1.84E-01
0.431	-1.68E-01
0.432	-1.37E-01
0.433	-1.06E-01
0.434	-5.88E-02
0.435	-4.31E-02
0.436	1.94E-02
0.437	5.06E-02
0.438	8.19E-02
0.439	9.75E-02
0.44	1.44E-01
0.441	1.60E-01
0.442	1.60E-01
0.443	1.91E-01
0.444	1.91E-01
0.445	1.60E-01
0.446	1.44E-01
0.447	1.13E-01
0.448	9.75E-02
0.449	6.63E-02
0.45	3.50E-02
0.451	1.94E-02
0.452	-2.75E-02
0.453	-5.88E-02
0.454	-7.44E-02
0.455	-9.00E-02
0.456	-1.06E-01
0.457	-1.06E-01
0.458	-1.06E-01
0.459	-1.21E-01
0.46	-1.21E-01
0.461	-9.00E-02
0.462	-9.00E-02
0.463	-7.44E-02
0.464	-5.88E-02
0.465	-4.31E-02
0.466	-1.19E-02
0.467	-1.19E-02
0.468	3.50E-02
0.469	5.06E-02
0.47	5.06E-02
0.471	6.63E-02
0.472	9.75E-02
0.473	9.75E-02
0.474	9.75E-02
0.475	9.75E-02
0.476	8.19E-02
0.477	6.63E-02
0.478	6.63E-02
0.479	5.06E-02
0.48	5.06E-02
0.481	3.75E-03
0.482	1.94E-02
0.483	3.75E-03
0.484	-1.19E-02
0.485	-2.75E-02
0.486	-2.75E-02
0.487	3.75E-03
0.488	-2.75E-02
0.489	-4.31E-02
0.49	-2.75E-02
0.491	-2.75E-02
0.492	-2.75E-02
0.493	-1.19E-02
0.494	-1.19E-02
0.495	3.75E-03
0.496	-1.19E-02
0.497	3.75E-03
0.498	1.94E-02
0.499	3.75E-03
0.5	-1.19E-02
0.501	3.75E-03
0.502	-1.19E-02
0.503	-2.75E-02
0.504	-2.75E-02
0.505	-1.19E-02
0.506	-4.31E-02
0.507	-4.31E-02
0.508	3.75E-03
0.509	-1.19E-02
0.51	-2.75E-02
0.511	3.75E-03
0.512	3.75E-03
0.513	-1.19E-02
0.514	3.75E-03
0.515	-1.19E-02
0.516	3.75E-03
0.517	3.75E-03
0.518	3.75E-03
0.519	1.94E-02
0.52	3.75E-03
0.521	-1.19E-02
0.522	3.75E-03
0.523	1.94E-02
0.524	1.94E-02
0.525	3.75E-03
0.526	3.75E-03
0.527	3.75E-03
0.528	3.75E-03
0.529	1.94E-02
0.53	1.94E-02
0.531	3.75E-03
0.532	-1.19E-02
0.533	3.75E-03
0.534	3.75E-03
0.535	-1.19E-02
0.536	-1.19E-02
0.537	3.75E-03
0.538	3.75E-03
0.539	3.75E-03
0.54	3.75E-03
0.541	-1.19E-02
0.542	-1.19E-02
0.543	-1.19E-02
0.544	3.75E-03
0.545	-1.19E-02
0.546	-1.19E-02
0.547	3.75E-03
0.548	3.75E-03
0.549	3.75E-03
0.55	3.75E-03
0.551	3.75E-03
0.552	3.75E-03
0.553	3.75E-03
0.554	3.75E-03
0.555	3.75E-03
0.556	3.75E-03
0.557	3.75E-03
0.558	3.75E-03
0.559	3.75E-03
0.56	3.75E-03
0.561	-1.19E-02
0.562	-1.19E-02
0.563	-2.75E-02
0.564	-1.19E-02
0.565	-1.19E-02
0.566	-1.19E-02
0.567	-1.19E-02
0.568	3.75E-03
0.569	3.75E-03
0.57	3.75E-03
0.571	3.75E-03
0.572	3.75E-03
0.573	3.75E-03
0.574	3.75E-03
0.575	-1.19E-02
0.576	3.75E-03
0.577	3.75E-03
0.578	-1.19E-02
0.579	3.75E-03
0.58	3.75E-03
0.581	3.75E-03
0.582	3.75E-03
0.583	-1.19E-02
0.584	-1.19E-02
0.585	-1.19E-02
0.586	-1.19E-02
0.587	3.75E-03
0.588	3.75E-03
0.589	3.75E-03
0.59	1.94E-02
0.591	3.75E-03
0.592	-1.19E-02
0.593	3.75E-03
0.594	3.75E-03
0.595	-1.19E-02
0.596	-1.19E-02
0.597	-1.19E-02
0.598	3.75E-03
0.599	-1.19E-02
0.6	3.75E-03
0.601	3.75E-03
0.602	-1.19E-02
0.603	-1.19E-02
0.604	3.75E-03
0.605	3.75E-03
0.606	-1.19E-02
0.607	-1.19E-02
0.608	3.75E-03
0.609	3.75E-03
0.61	3.75E-03
0.611	3.75E-03
0.612	1.94E-02
0.613	3.75E-03
0.614	3.75E-03
0.615	3.75E-03
0.616	3.75E-03
0.617	3.75E-03
0.618	3.75E-03
0.619	3.75E-03
0.62	3.75E-03
0.621	3.75E-03
0.622	3.75E-03
0.623	3.75E-03
0.624	3.75E-03
0.625	3.75E-03
0.626	3.75E-03
0.627	3.75E-03
0.628	-1.19E-02
0.629	3.75E-03
0.63	-1.19E-02
0.631	3.75E-03
0.632	-1.19E-02
0.633	-1.19E-02
0.634	-1.19E-02
0.635	3.75E-03
0.636	3.75E-03
0.637	-1.19E-02
0.638	-1.19E-02
0.639	-1.19E-02
0.64	3.75E-03
0.641	3.75E-03
0.642	-1.19E-02
0.643	-1.19E-02
0.644	3.75E-03
0.645	3.75E-03
0.646	3.75E-03
0.647	3.75E-03
0.648	3.75E-03
0.649	3.75E-03
0.65	1.94E-02
0.651	-1.19E-02
0.652	3.75E-03
0.653	3.75E-03
0.654	3.75E-03
0.655	3.75E-03
0.656	3.75E-03
0.657	3.75E-03
0.658	3.75E-03
0.659	3.75E-03
0.66	-1.19E-02
0.661	3.75E-03
0.662	3.75E-03
0.663	-1.19E-02
0.664	-1.19E-02
0.665	3.75E-03
0.666	-1.19E-02
0.667	-1.19E-02
0.668	-1.19E-02
0.669	-1.19E-02
0.67	3.75E-03
0.671	3.75E-03
0.672	3.75E-03
0.673	3.75E-03
0.674	3.75E-03
0.675	3.75E-03
0.676	3.75E-03
0.677	3.75E-03
0.678	3.75E-03
0.679	3.75E-03
0.68	1.94E-02
0.681	3.75E-03
0.682	-1.19E-02
0.683	3.75E-03
0.684	3.75E-03
0.685	-1.19E-02
0.686	-1.19E-02
0.687	-1.19E-02
0.688	-2.75E-02
0.689	-2.75E-02
0.69	-1.19E-02
0.691	-2.75E-02
0.692	-4.31E-02
0.693	-2.75E-02
0.694	-4.31E-02
0.695	-7.44E-02
0.696	-7.44E-02
0.697	-1.06E-01
0.698	-1.06E-01
0.699	-9.00E-02
0.7	-4.31E-02
0.701	1.94E-02
0.702	1.44E-01
0.703	2.23E-01
0.704	2.69E-01
0.705	2.54E-01
0.706	2.23E-01
0.707	1.76E-01
0.708	1.76E-01
0.709	1.44E-01
0.71	1.29E-01
0.711	8.19E-02
0.712	3.75E-03
0.713	-9.00E-02
0.714	-1.21E-01
0.715	-1.06E-01
0.716	-9.00E-02
0.717	-1.06E-01
0.718	-1.37E-01
0.719	-1.68E-01
0.72	-1.99E-01
0.721	-2.46E-01
0.722	-2.46E-01
0.723	-2.15E-01
0.724	-1.99E-01
0.725	-1.68E-01
0.726	-1.21E-01
0.727	-9.00E-02
0.728	-4.31E-02
0.729	3.75E-03
0.73	5.06E-02
0.731	9.75E-02
0.732	1.44E-01
0.733	1.91E-01
0.734	2.07E-01
0.735	2.69E-01
0.736	2.69E-01
0.737	2.69E-01
0.738	2.38E-01
0.739	2.07E-01
0.74	1.91E-01
0.741	1.44E-01
0.742	9.75E-02
0.743	6.63E-02
0.744	3.50E-02
0.745	3.75E-03
0.746	-4.31E-02
0.747	-4.31E-02
0.748	-5.88E-02
0.749	-5.88E-02
0.75	-7.44E-02
0.751	-5.88E-02
0.752	-1.06E-01
0.753	-1.06E-01
0.754	-1.06E-01
0.755	-1.21E-01
0.756	-1.21E-01
0.757	-1.06E-01
0.758	-1.21E-01
0.759	-1.21E-01
0.76	-1.37E-01
0.761	-1.06E-01
0.762	-9.00E-02
0.763	-7.44E-02
0.764	-7.44E-02
0.765	-5.88E-02
0.766	-4.31E-02
0.767	-1.19E-02
0.768	3.75E-03
0.769	3.50E-02
0.77	3.50E-02
0.771	5.06E-02
0.772	6.63E-02
0.773	8.19E-02
0.774	8.19E-02
0.775	9.75E-02
0.776	8.19E-02
0.777	9.75E-02
0.778	9.75E-02
0.779	9.75E-02
0.78	5.06E-02
0.781	5.06E-02
0.782	5.06E-02
0.783	1.94E-02
0.784	3.75E-03
0.785	3.75E-03
0.786	3.75E-03
0.787	-1.19E-02
0.788	-1.19E-02
0.789	-1.19E-02
0.79	-1.19E-02
0.791	-1.19E-02
0.792	-2.75E-02
0.793	-1.19E-02
0.794	-1.19E-02
0.795	-1.19E-02
0.796	-1.19E-02
0.797	-2.75E-02
0.798	-2.75E-02
0.799	-2.75E-02
0.8	-4.31E-02
0.801	-4.31E-02
0.802	-4.31E-02
0.803	-4.31E-02
0.804	-2.75E-02
0.805	-4.31E-02
0.806	-2.75E-02
0.807	-2.75E-02
0.808	-1.19E-02
0.809	-1.19E-02
0.81	-1.19E-02
0.811	1.94E-02
0.812	1.94E-02
0.813	3.75E-03
0.814	3.50E-02
0.815	1.94E-02
0.816	3.50E-02
0.817	1.94E-02
0.818	3.50E-02
0.819	3.50E-02
0.82	1.94E-02
0.821	1.94E-02
0.822	3.50E-02
0.823	3.75E-03
0.824	3.75E-03
0.825	1.94E-02
0.826	3.75E-03
0.827	3.75E-03
0.828	3.75E-03
0.829	1.94E-02
0.83	3.75E-03
0.831	3.75E-03
0.832	-1.19E-02
0.833	3.75E-03
0.834	3.75E-03
0.835	-1.19E-02
0.836	-1.19E-02
0.837	-1.19E-02
0.838	-2.75E-02
0.839	-2.75E-02
0.84	-1.19E-02
0.841	-2.75E-02
0.842	-1.19E-02
0.843	-1.19E-02
0.844	-1.19E-02
0.845	-2.75E-02
0.846	-1.19E-02
0.847	-1.19E-02
0.848	3.75E-03
0.849	3.75E-03
0.85	3.75E-03
0.851	3.75E-03
0.852	3.75E-03
0.853	3.75E-03
0.854	3.75E-03
0.855	1.94E-02
0.856	3.75E-03
0.857	3.75E-03
0.858	3.75E-03
0.859	3.75E-03
0.86	3.75E-03
0.861	3.75E-03
0.862	3.75E-03
0.863	-1.19E-02
0.864	-1.19E-02
0.865	-1.19E-02
0.866	3.75E-03
0.867	1.94E-02
0.868	3.75E-03
0.869	3.75E-03
0.87	3.75E-03
0.871	3.75E-03
0.872	1.94E-02
0.873	3.75E-03
0.874	3.75E-03
0.875	1.94E-02
0.876	1.94E-02
0.877	3.75E-03
0.878	3.75E-03
0.879	3.75E-03
0.88	3.75E-03
0.881	3.75E-03
0.882	3.75E-03
0.883	3.75E-03
0.884	-1.19E-02
0.885	-1.19E-02
0.886	-1.19E-02
0.887	-1.19E-02
0.888	-1.19E-02
0.889	-1.19E-02
0.89	-1.19E-02
0.891	-1.19E-02
0.892	-1.19E-02
0.893	3.75E-03
0.894	-1.19E-02
0.895	3.75E-03
0.896	-1.19E-02
0.897	3.75E-03
0.898	3.75E-03
0.899	3.75E-03
0.9	3.75E-03
0.901	3.75E-03
0.902	1.94E-02
0.903	1.94E-02
0.904	3.75E-03
0.905	3.75E-03
0.906	1.94E-02
0.907	1.94E-02
0.908	3.75E-03
0.909	-1.19E-02
0.91	3.75E-03
0.911	3.75E-03
0.912	-1.19E-02
0.913	-1.19E-02
0.914	-1.19E-02
0.915	-1.19E-02
0.916	-1.19E-02
0.917	-1.19E-02
0.918	3.75E-03
0.919	3.75E-03
0.92	-1.19E-02
0.921	-1.19E-02
0.922	-1.19E-02
0.923	3.75E-03
0.924	-1.19E-02
0.925	3.75E-03
0.926	3.75E-03
0.927	3.75E-03
0.928	3.75E-03
0.929	3.75E-03
0.93	-1.19E-02
0.931	3.75E-03
0.932	-1.19E-02
0.933	-1.19E-02
0.934	-1.19E-02
0.935	-1.19E-02
0.936	-1.19E-02
0.937	-1.19E-02
0.938	-1.19E-02
0.939	3.75E-03
0.94	3.75E-03
0.941	3.75E-03
0.942	3.75E-03
0.943	3.75E-03
0.944	3.75E-03
0.945	-1.19E-02
0.946	3.75E-03
0.947	3.75E-03
0.948	-1.19E-02
0.949	3.75E-03
0.95	3.75E-03
0.951	-1.19E-02
0.952	-1.19E-02
0.953	3.75E-03
0.954	3.75E-03
0.955	-1.19E-02
0.956	-1.19E-02
0.957	1.94E-02
0.958	-1.19E-02
0.959	-1.19E-02
0.96	3.75E-03
0.961	-1.19E-02
0.962	-1.19E-02
0.963	3.75E-03
0.964	3.75E-03
0.965	-1.19E-02
0.966	-1.19E-02
0.967	-1.19E-02
0.968	3.75E-03
0.969	-1.19E-02
0.97	3.75E-03
0.971	3.75E-03
0.972	3.75E-03
0.973	-1.19E-02
0.974	-1.19E-02
0.975	3.75E-03
0.976	3.75E-03
0.977	-1.19E-02
0.978	3.75E-03
0.979	3.75E-03
0.98	3.75E-03
0.981	3.75E-03
0.982	3.75E-03
0.983	3.75E-03
0.984	3.75E-03
0.985	3.75E-03
0.986	3.75E-03
0.987	-1.19E-02
0.988	3.75E-03
0.989	1.94E-02
0.99	3.75E-03
0.991	3.75E-03
0.992	3.75E-03
0.993	3.75E-03
0.994	-1.19E-02
0.995	1.94E-02
0.996	3.75E-03
0.997	3.75E-03
0.998	3.75E-03
0.999	3.75E-03
1	3.75E-03
1.001	-1.19E-02
1.002	3.75E-03
1.003	3.75E-03
1.004	3.75E-03
1.005	-1.19E-02
1.006	-1.19E-02
1.007	3.75E-03
1.008	-1.19E-02
1.009	-1.19E-02
1.01	-1.19E-02
1.011	-1.19E-02
1.012	3.75E-03
1.013	-1.19E-02
1.014	3.75E-03
1.015	3.75E-03
1.016	3.75E-03
1.017	3.75E-03
1.018	3.75E-03
1.019	3.75E-03
1.02	3.75E-03
1.021	3.75E-03
1.022	3.75E-03
1.023	-1.19E-02
1.024	3.75E-03
1.025	3.75E-03
1.026	-1.19E-02
1.027	3.75E-03
1.028	3.75E-03
1.029	3.75E-03
1.03	3.75E-03
1.031	3.75E-03
1.032	3.75E-03
1.033	3.75E-03
1.034	-1.19E-02
1.035	3.75E-03
1.036	-1.19E-02
1.037	-1.19E-02
1.038	3.75E-03
1.039	-1.19E-02
1.04	-1.19E-02
1.041	-1.19E-02
1.042	-1.19E-02
1.043	3.75E-03
1.044	-1.19E-02
1.045	3.75E-03
1.046	1.94E-02
1.047	3.75E-03
1.048	3.75E-03
1.049	3.75E-03
1.05	1.94E-02
1.051	3.75E-03
1.052	3.75E-03
1.053	1.94E-02
1.054	3.75E-03
1.055	-1.19E-02
1.056	3.75E-03
1.057	-1.19E-02
1.058	3.75E-03
1.059	-1.19E-02
1.06	3.75E-03
1.061	3.75E-03
1.062	-2.75E-02
1.063	-1.19E-02
1.064	3.75E-03
1.065	-1.19E-02
1.066	-1.19E-02
1.067	-1.19E-02
1.068	-1.19E-02
1.069	3.75E-03
1.07	-1.19E-02
1.071	-1.19E-02
1.072	3.75E-03
1.073	3.75E-03
1.074	-1.19E-02
1.075	3.75E-03
1.076	-1.19E-02
1.077	-1.19E-02
1.078	3.75E-03
1.079	3.75E-03
1.08	-1.19E-02
1.081	3.75E-03
1.082	3.75E-03
1.083	3.75E-03
1.084	3.75E-03
1.085	3.75E-03
1.086	3.75E-03
1.087	3.75E-03
1.088	1.94E-02
1.089	1.94E-02
1.09	3.75E-03
1.091	1.94E-02
1.092	1.94E-02
1.093	1.94E-02
1.094	1.94E-02
1.095	3.75E-03
1.096	3.75E-03
1.097	3.75E-03
1.098	3.75E-03
1.099	3.75E-03
1.1	3.75E-03
1.101	-1.19E-02
1.102	-1.19E-02
1.103	3.75E-03
1.104	-1.19E-02
1.105	-1.19E-02
1.106	-1.19E-02
1.107	-1.19E-02
1.108	-1.19E-02
1.109	-2.75E-02
1.11	-2.75E-02
1.111	3.75E-03
1.112	-1.19E-02
1.113	-1.19E-02
1.114	-1.19E-02
1.115	-1.19E-02
1.116	-1.19E-02
1.117	3.75E-03
1.118	-1.19E-02
1.119	3.75E-03
1.12	3.75E-03
1.121	3.75E-03
1.122	3.75E-03
1.123	3.75E-03
1.124	3.75E-03
1.125	3.75E-03
1.126	3.75E-03
1.127	3.75E-03
1.128	3.75E-03
1.129	3.75E-03
1.13	3.75E-03
1.131	3.75E-03
1.132	3.75E-03
1.133	3.75E-03
1.134	-1.19E-02
1.135	3.75E-03
1.136	-1.19E-02
1.137	3.75E-03
1.138	3.75E-03
1.139	1.94E-02
1.14	1.94E-02
1.141	3.75E-03
1.142	3.75E-03
1.143	3.75E-03
1.144	3.75E-03
1.145	3.75E-03
1.146	1.94E-02
1.147	3.75E-03
1.148	3.75E-03
1.149	-1.19E-02
1.15	-1.19E-02
1.151	-1.19E-02
1.152	-1.19E-02
1.153	-1.19E-02
1.154	-1.19E-02
1.155	-1.19E-02
1.156	-1.19E-02
1.157	-1.19E-02
1.158	-1.19E-02
1.159	-1.19E-02
1.16	3.75E-03
1.161	3.75E-03
1.162	-1.19E-02
1.163	3.75E-03
1.164	3.75E-03
1.165	-1.19E-02
1.166	-1.19E-02
1.167	3.75E-03
1.168	3.75E-03
1.169	3.75E-03
1.17	3.75E-03
1.171	1.94E-02
1.172	3.75E-03
1.173	3.75E-03
1.174	3.75E-03
1.175	3.75E-03
1.176	-1.19E-02
1.177	3.75E-03
1.178	3.75E-03
1.179	-1.19E-02
1.18	-1.19E-02
1.181	3.75E-03
1.182	-1.19E-02
1.183	3.75E-03
1.184	-1.19E-02
1.185	3.75E-03
1.186	3.75E-03
1.187	-1.19E-02
1.188	-1.19E-02
1.189	-1.19E-02
1.19	-1.19E-02
1.191	-1.19E-02
1.192	3.75E-03
1.193	3.75E-03
1.194	-1.19E-02
1.195	3.75E-03
1.196	1.94E-02
1.197	-1.19E-02
1.198	3.75E-03
1.199	1.94E-02
1.2	3.75E-03
1.201	3.75E-03
1.202	3.75E-03
1.203	-1.19E-02
1.204	-1.19E-02
1.205	-1.19E-02
1.206	3.75E-03
1.207	-1.19E-02
1.208	3.75E-03
1.209	3.75E-03
1.21	1.94E-02
1.211	-1.19E-02
1.212	3.75E-03
1.213	3.75E-03
1.214	-1.19E-02
1.215	-1.19E-02
1.216	3.75E-03
1.217	1.94E-02
1.218	3.75E-03
1.219	1.94E-02
1.22	3.75E-03
1.221	3.75E-03
1.222	3.75E-03
1.223	3.75E-03
1.224	3.75E-03
1.225	3.75E-03
1.226	3.75E-03
1.227	3.75E-03
1.228	3.75E-03
1.229	-1.19E-02
1.23	3.75E-03
1.231	3.75E-03
1.232	3.75E-03
1.233	3.75E-03
1.234	3.75E-03
1.235	-1.19E-02
1.236	3.75E-03
1.237	-1.19E-02
1.238	-1.19E-02
1.239	-1.19E-02
1.24	3.75E-03
1.241	-2.75E-02
1.242	-1.19E-02
1.243	-1.19E-02
1.244	-1.19E-02
1.245	3.75E-03
1.246	-1.19E-02
1.247	-1.19E-02
1.248	3.75E-03
1.249	3.75E-03
1.25	-1.19E-02
1.251	3.75E-03
1.252	-1.19E-02
1.253	-1.19E-02
1.254	3.75E-03
1.255	-1.19E-02
1.256	3.75E-03
1.257	3.75E-03
1.258	-1.19E-02
1.259	-1.19E-02
1.26	1.94E-02
1.261	-1.19E-02
1.262	3.75E-03
1.263	3.50E-02
1.264	-1.19E-02
1.265	-1.19E-02
1.266	1.94E-02
1.267	1.94E-02
1.268	-1.19E-02
1.269	3.75E-03
1.27	1.94E-02
1.271	3.75E-03
1.272	1.94E-02
1.273	3.75E-03
1.274	3.75E-03
1.275	3.75E-03
1.276	3.75E-03
1.277	-1.19E-02
1.278	-1.19E-02
1.279	3.75E-03
1.28	3.75E-03
1.281	1.94E-02
1.282	-1.19E-02
1.283	-2.75E-02
1.284	3.75E-03
1.285	-1.19E-02
1.286	-2.75E-02
1.287	-2.75E-02
1.288	3.75E-03
1.289	3.75E-03
1.29	1.94E-02
1.291	3.50E-02
1.292	3.75E-03
1.293	1.94E-02
1.294	3.50E-02
1.295	1.94E-02
1.296	3.75E-03
1.297	1.94E-02
1.298	-1.19E-02
1.299	3.75E-03
1.3	3.75E-03
1.301	-1.19E-02
1.302	3.75E-03
1.303	3.75E-03
1.304	-1.19E-02
1.305	-2.75E-02
1.306	3.75E-03
1.307	-1.19E-02
1.308	-1.19E-02
1.309	1.94E-02
1.31	-1.19E-02
1.311	-1.19E-02
1.312	-1.19E-02
1.313	-1.19E-02
1.314	-2.75E-02
1.315	-2.75E-02
1.316	-2.75E-02
1.317	-2.75E-02
1.318	-2.75E-02
1.319	-1.19E-02
1.32	-2.75E-02
1.321	-1.19E-02
1.322	-1.19E-02
1.323	-2.75E-02
1.324	-4.31E-02
1.325	-2.75E-02
1.326	-2.75E-02
1.327	-2.75E-02
1.328	-2.75E-02
1.329	-5.88E-02
1.33	-4.31E-02
1.331	-2.75E-02
1.332	-2.75E-02
1.333	-2.75E-02
1.334	1.94E-02
1.335	3.50E-02
1.336	6.63E-02
1.337	6.63E-02
1.338	9.75E-02
1.339	9.75E-02
1.34	9.75E-02
1.341	1.13E-01
1.342	9.75E-02
1.343	8.19E-02
1.344	9.75E-02
1.345	8.19E-02
1.346	8.19E-02
1.347	9.75E-02
1.348	6.63E-02
1.349	5.06E-02
1.35	5.06E-02
1.351	1.94E-02
1.352	3.75E-03
1.353	-1.19E-02
1.354	3.75E-03
1.355	-2.75E-02
1.356	-1.19E-02
1.357	-2.75E-02
1.358	-7.44E-02
1.359	-5.88E-02
1.36	-5.88E-02
1.361	-1.06E-01
1.362	-1.21E-01
1.363	-1.37E-01
1.364	-1.53E-01
1.365	-1.37E-01
1.366	-1.68E-01
1.367	-1.53E-01
1.368	-1.68E-01
1.369	-1.37E-01
1.37	-1.68E-01
1.371	-1.53E-01
1.372	-1.21E-01
1.373	-4.31E-02
1.374	-4.31E-02
1.375	3.75E-03
1.376	3.75E-03
1.377	1.94E-02
1.378	5.06E-02
1.379	6.63E-02
1.38	8.19E-02
1.381	1.44E-01
1.382	1.76E-01
1.383	2.07E-01
1.384	2.38E-01
1.385	2.54E-01
1.386	2.54E-01
1.387	2.69E-01
1.388	2.54E-01
1.389	2.38E-01
1.39	1.91E-01
1.391	1.60E-01
1.392	1.13E-01
1.393	8.19E-02
1.394	3.50E-02
1.395	-1.19E-02
1.396	-5.88E-02
1.397	-1.37E-01
1.398	-1.53E-01
1.399	-1.84E-01
1.4	-2.15E-01
1.401	-2.15E-01
1.402	-2.31E-01
1.403	-2.31E-01
1.404	-2.31E-01
1.405	-2.15E-01
1.406	-1.99E-01
1.407	-1.68E-01
1.408	-1.37E-01
1.409	-1.06E-01
1.41	-9.00E-02
1.411	-4.31E-02
1.412	-2.75E-02
1.413	3.50E-02
1.414	5.06E-02
1.415	9.75E-02
1.416	1.13E-01
1.417	1.60E-01
1.418	1.76E-01
1.419	1.91E-01
1.42	2.23E-01
1.421	1.91E-01
1.422	1.76E-01
1.423	1.60E-01
1.424	1.44E-01
1.425	8.19E-02
1.426	5.06E-02
1.427	3.50E-02
1.428	1.94E-02
1.429	-1.19E-02
1.43	-5.88E-02
1.431	-7.44E-02
1.432	-9.00E-02
1.433	-1.21E-01
1.434	-1.21E-01
1.435	-1.21E-01
1.436	-1.21E-01
1.437	-9.00E-02
1.438	-9.00E-02
1.439	-9.00E-02
1.44	-5.88E-02
1.441	-4.31E-02
1.442	-4.31E-02
1.443	-1.19E-02
1.444	3.75E-03
1.445	1.94E-02
1.446	3.50E-02
1.447	3.50E-02
1.448	5.06E-02
1.449	6.63E-02
1.45	8.19E-02
1.451	6.63E-02
1.452	6.63E-02
1.453	6.63E-02
1.454	5.06E-02
1.455	3.50E-02
1.456	3.50E-02
1.457	1.94E-02
1.458	1.94E-02
1.459	3.75E-03
1.46	-1.19E-02
1.461	-2.75E-02
1.462	-2.75E-02
1.463	-4.31E-02
1.464	-4.31E-02
1.465	-2.75E-02
1.466	-4.31E-02
1.467	-4.31E-02
1.468	-2.75E-02
1.469	-1.19E-02
1.47	-2.75E-02
1.471	3.75E-03
1.472	3.75E-03
1.473	-2.75E-02
1.474	-1.19E-02
1.475	3.75E-03
1.476	1.94E-02
1.477	1.94E-02
1.478	3.75E-03
1.479	3.75E-03
1.48	1.94E-02
1.481	1.94E-02
1.482	3.75E-03
1.483	3.50E-02
1.484	1.94E-02
1.485	3.75E-03
1.486	1.94E-02
1.487	3.75E-03
1.488	3.75E-03
1.489	1.94E-02
1.49	3.75E-03
1.491	3.75E-03
1.492	3.75E-03
1.493	3.75E-03
1.494	-1.19E-02
1.495	-1.19E-02
1.496	-2.75E-02
1.497	-2.75E-02
1.498	-1.19E-02
1.499	-2.75E-02
1.5	-2.75E-02
1.501	-1.19E-02
1.502	1.94E-02
1.503	1.94E-02
1.504	3.75E-03
1.505	3.75E-03
1.506	3.75E-03
1.507	3.75E-03
1.508	1.94E-02
1.509	1.94E-02
1.51	1.94E-02
1.511	3.75E-03
1.512	1.94E-02
1.513	1.94E-02
1.514	-1.19E-02
1.515	-1.19E-02
1.516	3.75E-03
1.517	3.75E-03
1.518	-1.19E-02
1.519	3.75E-03
1.52	3.75E-03
1.521	-1.19E-02
1.522	3.75E-03
1.523	3.75E-03
1.524	3.75E-03
1.525	3.75E-03
1.526	3.75E-03
1.527	3.75E-03
1.528	3.75E-03
1.529	3.75E-03
1.53	3.75E-03
1.531	3.75E-03
1.532	1.94E-02
1.533	3.75E-03
1.534	3.75E-03
1.535	-1.19E-02
1.536	-1.19E-02
1.537	3.75E-03
1.538	-1.19E-02
1.539	-1.19E-02
1.54	3.75E-03
1.541	3.75E-03
1.542	3.75E-03
1.543	-1.19E-02
1.544	3.75E-03
1.545	3.75E-03
1.546	3.75E-03
1.547	3.75E-03
1.548	3.75E-03
1.549	3.75E-03
1.55	3.75E-03
1.551	3.75E-03
1.552	3.75E-03
1.553	-1.19E-02
1.554	-1.19E-02
1.555	-1.19E-02
1.556	-1.19E-02
1.557	-1.19E-02
1.558	3.75E-03
1.559	3.75E-03
1.56	-1.19E-02
1.561	3.75E-03
1.562	1.94E-02
1.563	-1.19E-02
1.564	-1.19E-02
1.565	-1.19E-02
1.566	3.75E-03
1.567	3.75E-03
1.568	-1.19E-02
1.569	-1.19E-02
1.57	3.75E-03
1.571	3.75E-03
1.572	3.75E-03
1.573	3.75E-03
1.574	3.75E-03
1.575	-1.19E-02
1.576	1.94E-02
1.577	3.75E-03
1.578	-1.19E-02
1.579	3.75E-03
1.58	1.94E-02
1.581	3.75E-03
1.582	-1.19E-02
1.583	3.75E-03
1.584	3.75E-03
1.585	3.75E-03
1.586	3.75E-03
1.587	-1.19E-02
1.588	-1.19E-02
1.589	-1.19E-02
1.59	3.75E-03
1.591	3.75E-03
1.592	-1.19E-02
1.593	3.75E-03
1.594	3.75E-03
1.595	3.75E-03
1.596	-1.19E-02
1.597	3.75E-03
1.598	1.94E-02
1.599	3.75E-03
1.6	3.75E-03
1.601	1.94E-02
1.602	3.75E-03
1.603	-1.19E-02
1.604	3.75E-03
1.605	3.75E-03
1.606	-1.19E-02
1.607	3.75E-03
1.608	3.75E-03
1.609	3.75E-03
1.61	1.94E-02
1.611	3.75E-03
1.612	3.75E-03
1.613	3.75E-03
1.614	-1.19E-02
1.615	3.75E-03
1.616	3.75E-03
1.617	3.75E-03
1.618	3.75E-03
1.619	1.94E-02
1.62	3.75E-03
1.621	-1.19E-02
1.622	3.75E-03
1.623	3.75E-03
1.624	-1.19E-02
1.625	-1.19E-02
1.626	-1.19E-02
1.627	-1.19E-02
1.628	-1.19E-02
1.629	3.75E-03
1.63	-1.19E-02
1.631	3.75E-03
1.632	-1.19E-02
1.633	-1.19E-02
1.634	3.75E-03
1.635	3.75E-03
1.636	3.75E-03
1.637	3.75E-03
1.638	3.75E-03
1.639	-1.19E-02
1.64	3.75E-03
1.641	3.75E-03
1.642	3.75E-03
1.643	3.75E-03
1.644	3.75E-03
1.645	3.75E-03
1.646	-1.19E-02
1.647	3.75E-03
1.648	3.75E-03
1.649	3.75E-03
1.65	1.94E-02
1.651	3.75E-03
1.652	3.75E-03
1.653	-1.19E-02
1.654	3.75E-03
1.655	3.75E-03
1.656	3.75E-03
1.657	-1.19E-02
1.658	-1.19E-02
1.659	-1.19E-02
1.66	-1.19E-02
1.661	-1.19E-02
1.662	-1.19E-02
1.663	-2.75E-02
1.664	3.75E-03
1.665	-1.19E-02
1.666	-1.19E-02
1.667	-1.19E-02
1.668	-1.19E-02
1.669	-1.19E-02
1.67	3.75E-03
1.671	-1.19E-02
1.672	3.75E-03
1.673	-1.19E-02
1.674	-2.75E-02
1.675	-2.75E-02
1.676	-2.75E-02
1.677	-4.31E-02
1.678	-4.31E-02
1.679	-4.31E-02
1.68	-5.88E-02
1.681	-5.88E-02
1.682	-4.31E-02
1.683	-2.75E-02
1.684	-2.75E-02
1.685	6.63E-02
1.686	2.38E-01
1.687	2.85E-01
1.688	3.01E-01
1.689	2.54E-01
1.69	2.07E-01
1.691	1.76E-01
1.692	1.29E-01
1.693	8.19E-02
1.694	9.75E-02
1.695	-4.31E-02
1.696	-1.21E-01
1.697	-1.21E-01
1.698	-1.84E-01
1.699	-1.68E-01
1.7	-1.37E-01
1.701	-1.37E-01
1.702	-1.84E-01
1.703	-2.15E-01
1.704	-2.15E-01
1.705	-2.31E-01
1.706	-2.31E-01
1.707	-1.68E-01
1.708	-1.53E-01
1.709	-7.44E-02
1.71	-7.44E-02
1.711	-2.75E-02
1.712	6.63E-02
1.713	1.13E-01
1.714	1.91E-01
1.715	2.07E-01
1.716	2.38E-01
1.717	2.54E-01
1.718	2.54E-01
1.719	2.54E-01
1.72	2.54E-01
1.721	1.91E-01
1.722	1.29E-01
1.723	8.19E-02
1.724	3.50E-02
1.725	-1.19E-02
1.726	-7.44E-02
1.727	-1.06E-01
1.728	-1.06E-01
1.729	-1.53E-01
1.73	-1.68E-01
1.731	-1.84E-01
1.732	-1.68E-01
1.733	-1.68E-01
1.734	-1.53E-01
1.735	-1.21E-01
1.736	-9.00E-02
1.737	-7.44E-02
1.738	-4.31E-02
1.739	-2.75E-02
1.74	3.75E-03
1.741	3.75E-03
1.742	1.94E-02
1.743	3.50E-02
1.744	5.06E-02
1.745	5.06E-02
1.746	5.06E-02
1.747	6.63E-02
1.748	5.06E-02
1.749	5.06E-02
1.75	5.06E-02
1.751	5.06E-02
1.752	3.50E-02
1.753	6.63E-02
1.754	6.63E-02
1.755	5.06E-02
1.756	5.06E-02
1.757	6.63E-02
1.758	5.06E-02
1.759	3.50E-02
1.76	3.50E-02
1.761	3.50E-02
1.762	1.94E-02
1.763	3.75E-03
1.764	-1.19E-02
1.765	-1.19E-02
1.766	-4.31E-02
1.767	-4.31E-02
1.768	-4.31E-02
1.769	-5.88E-02
1.77	-7.44E-02
1.771	-5.88E-02
1.772	-5.88E-02
1.773	-4.31E-02
1.774	-2.75E-02
1.775	-1.19E-02
1.776	-1.19E-02
1.777	-1.19E-02
1.778	3.75E-03
1.779	-1.19E-02
1.78	3.75E-03
1.781	-1.19E-02
1.782	3.75E-03
1.783	-1.19E-02
1.784	3.75E-03
1.785	-2.75E-02
1.786	-2.75E-02
1.787	-2.75E-02
1.788	-2.75E-02
1.789	-2.75E-02
1.79	-2.75E-02
1.791	3.75E-03
1.792	-1.19E-02
1.793	3.75E-03
1.794	3.75E-03
1.795	1.94E-02
1.796	1.94E-02
1.797	3.50E-02
1.798	1.94E-02
1.799	3.50E-02
1.8	3.50E-02
1.801	3.50E-02
1.802	3.50E-02
1.803	3.50E-02
1.804	5.06E-02
1.805	1.94E-02
1.806	3.50E-02
1.807	1.94E-02
1.808	3.50E-02
1.809	1.94E-02
1.81	1.94E-02
1.811	1.94E-02
1.812	1.94E-02
1.813	3.75E-03
1.814	3.75E-03
1.815	3.75E-03
1.816	3.75E-03
1.817	3.75E-03
1.818	3.75E-03
1.819	3.75E-03
1.82	-1.19E-02
1.821	-1.19E-02
1.822	-1.19E-02
1.823	-2.75E-02
1.824	-2.75E-02
1.825	-2.75E-02
1.826	-2.75E-02
1.827	-2.75E-02
1.828	-2.75E-02
1.829	-1.19E-02
1.83	-1.19E-02
1.831	-1.19E-02
1.832	3.75E-03
1.833	-1.19E-02
1.834	-1.19E-02
1.835	3.75E-03
1.836	-1.19E-02
1.837	-1.19E-02
1.838	-1.19E-02
1.839	-1.19E-02
1.84	-1.19E-02
1.841	-1.19E-02
1.842	-1.19E-02
1.843	-1.19E-02
1.844	-1.19E-02
1.845	-1.19E-02
1.846	-1.19E-02
1.847	-1.19E-02
1.848	-2.75E-02
1.849	-1.19E-02
1.85	-1.19E-02
1.851	-1.19E-02
1.852	-1.19E-02
1.853	-1.19E-02
1.854	-1.19E-02
1.855	3.75E-03
1.856	3.75E-03
1.857	1.94E-02
1.858	1.94E-02
1.859	3.50E-02
1.86	3.50E-02
1.861	3.50E-02
1.862	1.94E-02
1.863	1.94E-02
1.864	5.06E-02
1.865	1.94E-02
1.866	1.94E-02
1.867	1.94E-02
1.868	3.75E-03
1.869	3.75E-03
1.87	1.94E-02
1.871	3.75E-03
1.872	3.75E-03
1.873	-1.19E-02
1.874	-1.19E-02
1.875	-1.19E-02
1.876	-2.75E-02
1.877	-2.75E-02
1.878	-1.19E-02
1.879	-1.19E-02
1.88	-2.75E-02
1.881	-1.19E-02
1.882	3.75E-03
1.883	-1.19E-02
1.884	-1.19E-02
1.885	-1.19E-02
1.886	-1.19E-02
1.887	3.75E-03
1.888	1.94E-02
1.889	3.75E-03
1.89	3.75E-03
1.891	1.94E-02
1.892	3.75E-03
1.893	3.75E-03
1.894	3.75E-03
1.895	3.75E-03
1.896	3.75E-03
1.897	3.75E-03
1.898	-1.19E-02
1.899	3.75E-03
1.9	3.75E-03
1.901	3.75E-03
1.902	3.75E-03
1.903	3.75E-03
1.904	1.94E-02
1.905	3.75E-03
1.906	3.75E-03
1.907	1.94E-02
1.908	3.75E-03
1.909	3.75E-03
1.91	1.94E-02
1.911	1.94E-02
1.912	-1.19E-02
1.913	3.75E-03
1.914	-1.19E-02
1.915	-1.19E-02
1.916	-1.19E-02
1.917	-1.19E-02
1.918	-2.75E-02
1.919	-1.19E-02
1.92	-1.19E-02
1.921	-1.19E-02
1.922	-1.19E-02
1.923	-1.19E-02
1.924	-2.75E-02
1.925	-1.19E-02
1.926	-1.19E-02
1.927	-1.19E-02
1.928	3.75E-03
1.929	-1.19E-02
1.93	-1.19E-02
1.931	3.75E-03
1.932	-1.19E-02
1.933	-1.19E-02
1.934	-1.19E-02
1.935	3.75E-03
1.936	3.75E-03
1.937	3.75E-03
1.938	1.94E-02
1.939	3.75E-03
1.94	3.75E-03
1.941	1.94E-02
1.942	3.75E-03
1.943	3.75E-03
1.944	1.94E-02
1.945	3.75E-03
1.946	3.75E-03
1.947	1.94E-02
1.948	3.75E-03
1.949	3.75E-03
1.95	3.75E-03
1.951	-1.19E-02
1.952	3.75E-03
1.953	3.75E-03
1.954	1.94E-02
1.955	-1.19E-02
1.956	3.75E-03
1.957	3.75E-03
1.958	-1.19E-02
1.959	-1.19E-02
1.96	3.75E-03
1.961	3.75E-03
1.962	-1.19E-02
1.963	-1.19E-02
1.964	3.75E-03
1.965	3.75E-03
1.966	-1.19E-02
1.967	3.75E-03
1.968	3.75E-03
1.969	-1.19E-02
1.97	3.75E-03
1.971	3.75E-03
1.972	3.75E-03
1.973	1.94E-02
1.974	3.75E-03
1.975	3.75E-03
1.976	-1.19E-02
1.977	1.94E-02
1.978	3.75E-03
1.979	3.75E-03
1.98	1.94E-02
1.981	3.75E-03
1.982	-1.19E-02
1.983	-1.19E-02
1.984	-1.19E-02
1.985	3.75E-03
1.986	1.94E-02
1.987	1.94E-02
1.988	3.75E-03
1.989	3.75E-03
1.99	3.75E-03
1.991	3.75E-03
1.992	3.75E-03
1.993	3.75E-03
1.994	-1.19E-02
1.995	3.75E-03
1.996	1.94E-02
1.997	3.75E-03
1.998	3.75E-03
1.999	3.75E-03
